400 760
1 2 1
1 21 1
2 3 1
2 22 3
3 4 3
3 23 1
4 5 1
4 24 2
5 6 5
5 25 1
6 7 2
6 26 5
7 8 2
7 27 4
8 9 2
8 28 2
9 10 4
9 29 4
10 11 3
10 30 3
11 12 1
11 31 5
12 13 4
12 32 1
13 14 1
13 33 3
14 15 3
14 34 2
15 16 1
15 35 1
16 17 1
16 36 4
17 18 2
17 37 2
18 19 5
18 38 5
19 20 5
19 39 5
20 40 3
21 22 1
21 41 1
22 23 5
22 42 1
23 24 2
23 43 3
24 25 2
24 44 3
25 26 3
25 45 1
26 27 2
26 46 1
27 28 3
27 47 2
28 29 3
28 48 1
29 30 2
29 49 2
30 31 3
30 50 4
31 32 1
31 51 5
32 33 1
32 52 5
33 34 2
33 53 1
34 35 5
34 54 3
35 36 5
35 55 3
36 37 2
36 56 4
37 38 1
37 57 1
38 39 5
38 58 4
39 40 5
39 59 2
40 60 3
41 42 1
41 61 4
42 43 3
42 62 5
43 44 3
43 63 4
44 45 2
44 64 3
45 46 3
45 65 5
46 47 3
46 66 4
47 48 1
47 67 2
48 49 4
48 68 3
49 50 4
49 69 5
50 51 4
50 70 1
51 52 1
51 71 1
52 53 3
52 72 3
53 54 3
53 73 3
54 55 2
54 74 5
55 56 4
55 75 3
56 57 4
56 76 2
57 58 3
57 77 3
58 59 5
58 78 5
59 60 5
59 79 2
60 80 1
61 62 2
61 81 2
62 63 5
62 82 4
63 64 4
63 83 5
64 65 2
64 84 4
65 66 5
65 85 1
66 67 5
66 86 2
67 68 2
67 87 2
68 69 4
68 88 5
69 70 4
69 89 3
70 71 2
70 90 2
71 72 3
71 91 2
72 73 3
72 92 1
73 74 1
73 93 3
74 75 4
74 94 1
75 76 3
75 95 2
76 77 3
76 96 3
77 78 1
77 97 3
78 79 5
78 98 3
79 80 5
79 99 1
80 100 4
81 82 2
81 101 3
82 83 2
82 102 5
83 84 3
83 103 4
84 85 1
84 104 2
85 86 2
85 105 3
86 87 5
86 106 3
87 88 2
87 107 4
88 89 1
88 108 1
89 90 1
89 109 2
90 91 3
90 110 2
91 92 4
91 111 2
92 93 5
92 112 5
93 94 3
93 113 4
94 95 3
94 114 5
95 96 4
95 115 4
96 97 3
96 116 2
97 98 2
97 117 4
98 99 5
98 118 2
99 100 4
99 119 2
100 120 2
101 102 4
101 121 5
102 103 3
102 122 2
103 104 1
103 123 3
104 105 5
104 124 2
105 106 3
105 125 4
106 107 2
106 126 2
107 108 4
107 127 4
108 109 3
108 128 2
109 110 1
109 129 3
110 111 2
110 130 5
111 112 3
111 131 5
112 113 3
112 132 5
113 114 4
113 133 3
114 115 3
114 134 1
115 116 4
115 135 2
116 117 3
116 136 4
117 118 1
117 137 2
118 119 4
118 138 3
119 120 2
119 139 2
120 140 1
121 122 3
121 141 2
122 123 5
122 142 2
123 124 1
123 143 5
124 125 2
124 144 2
125 126 5
125 145 5
126 127 1
126 146 2
127 128 5
127 147 5
128 129 1
128 148 2
129 130 4
129 149 1
130 131 1
130 150 2
131 132 5
131 151 2
132 133 5
132 152 1
133 134 5
133 153 4
134 135 3
134 154 2
135 136 3
135 155 1
136 137 5
136 156 2
137 138 2
137 157 1
138 139 4
138 158 4
139 140 5
139 159 5
140 160 3
141 142 3
141 161 4
142 143 1
142 162 5
143 144 2
143 163 3
144 145 2
144 164 3
145 146 1
145 165 1
146 147 3
146 166 3
147 148 4
147 167 1
148 149 1
148 168 4
149 150 5
149 169 2
150 151 2
150 170 4
151 152 1
151 171 5
152 153 1
152 172 1
153 154 4
153 173 4
154 155 2
154 174 1
155 156 1
155 175 5
156 157 4
156 176 5
157 158 2
157 177 1
158 159 1
158 178 2
159 160 4
159 179 2
160 180 1
161 162 4
161 181 4
162 163 3
162 182 3
163 164 4
163 183 2
164 165 3
164 184 3
165 166 1
165 185 3
166 167 3
166 186 1
167 168 3
167 187 3
168 169 1
168 188 4
169 170 1
169 189 2
170 171 5
170 190 3
171 172 4
171 191 2
172 173 5
172 192 5
173 174 1
173 193 2
174 175 1
174 194 2
175 176 5
175 195 5
176 177 1
176 196 3
177 178 1
177 197 2
178 179 2
178 198 4
179 180 3
179 199 1
180 200 3
181 182 5
181 201 4
182 183 4
182 202 3
183 184 5
183 203 2
184 185 1
184 204 1
185 186 5
185 205 5
186 187 2
186 206 1
187 188 3
187 207 2
188 189 3
188 208 1
189 190 2
189 209 3
190 191 2
190 210 5
191 192 4
191 211 3
192 193 5
192 212 2
193 194 5
193 213 2
194 195 3
194 214 3
195 196 1
195 215 4
196 197 5
196 216 3
197 198 3
197 217 1
198 199 2
198 218 4
199 200 2
199 219 4
200 220 2
201 202 5
201 221 3
202 203 3
202 222 5
203 204 3
203 223 3
204 205 3
204 224 5
205 206 1
205 225 5
206 207 2
206 226 4
207 208 5
207 227 2
208 209 3
208 228 2
209 210 1
209 229 2
210 211 3
210 230 5
211 212 1
211 231 5
212 213 5
212 232 3
213 214 4
213 233 5
214 215 5
214 234 5
215 216 2
215 235 2
216 217 5
216 236 5
217 218 5
217 237 5
218 219 2
218 238 3
219 220 1
219 239 2
220 240 1
221 222 5
221 241 4
222 223 1
222 242 1
223 224 5
223 243 1
224 225 3
224 244 5
225 226 2
225 245 1
226 227 4
226 246 2
227 228 5
227 247 1
228 229 5
228 248 5
229 230 2
229 249 5
230 231 3
230 250 3
231 232 5
231 251 4
232 233 4
232 252 2
233 234 1
233 253 2
234 235 5
234 254 4
235 236 3
235 255 5
236 237 5
236 256 2
237 238 5
237 257 5
238 239 3
238 258 2
239 240 3
239 259 4
240 260 1
241 242 3
241 261 4
242 243 1
242 262 5
243 244 3
243 263 2
244 245 3
244 264 2
245 246 1
245 265 5
246 247 4
246 266 3
247 248 3
247 267 4
248 249 3
248 268 4
249 250 5
249 269 5
250 251 5
250 270 1
251 252 4
251 271 4
252 253 5
252 272 3
253 254 1
253 273 5
254 255 1
254 274 3
255 256 2
255 275 1
256 257 2
256 276 4
257 258 1
257 277 1
258 259 1
258 278 1
259 260 4
259 279 2
260 280 2
261 262 4
261 281 1
262 263 1
262 282 5
263 264 2
263 283 3
264 265 4
264 284 4
265 266 5
265 285 1
266 267 3
266 286 3
267 268 2
267 287 1
268 269 3
268 288 5
269 270 4
269 289 5
270 271 3
270 290 1
271 272 4
271 291 4
272 273 1
272 292 1
273 274 5
273 293 1
274 275 5
274 294 4
275 276 2
275 295 3
276 277 3
276 296 4
277 278 5
277 297 1
278 279 3
278 298 1
279 280 3
279 299 1
280 300 3
281 282 5
281 301 1
282 283 1
282 302 4
283 284 5
283 303 2
284 285 5
284 304 1
285 286 1
285 305 1
286 287 2
286 306 5
287 288 4
287 307 4
288 289 4
288 308 5
289 290 5
289 309 1
290 291 3
290 310 2
291 292 5
291 311 4
292 293 2
292 312 1
293 294 5
293 313 2
294 295 4
294 314 4
295 296 1
295 315 5
296 297 2
296 316 2
297 298 3
297 317 4
298 299 4
298 318 4
299 300 5
299 319 1
300 320 4
301 302 1
301 321 2
302 303 2
302 322 3
303 304 3
303 323 1
304 305 5
304 324 2
305 306 4
305 325 1
306 307 2
306 326 2
307 308 3
307 327 2
308 309 5
308 328 5
309 310 5
309 329 4
310 311 5
310 330 1
311 312 5
311 331 1
312 313 3
312 332 5
313 314 4
313 333 2
314 315 4
314 334 1
315 316 2
315 335 1
316 317 5
316 336 4
317 318 1
317 337 4
318 319 1
318 338 4
319 320 3
319 339 1
320 340 4
321 322 1
321 341 4
322 323 5
322 342 4
323 324 2
323 343 3
324 325 3
324 344 2
325 326 5
325 345 5
326 327 1
326 346 2
327 328 3
327 347 2
328 329 2
328 348 2
329 330 3
329 349 1
330 331 1
330 350 1
331 332 4
331 351 1
332 333 3
332 352 4
333 334 4
333 353 5
334 335 1
334 354 1
335 336 1
335 355 4
336 337 4
336 356 4
337 338 5
337 357 4
338 339 2
338 358 2
339 340 5
339 359 5
340 360 1
341 342 1
341 361 4
342 343 5
342 362 5
343 344 2
343 363 4
344 345 2
344 364 1
345 346 2
345 365 4
346 347 4
346 366 2
347 348 1
347 367 1
348 349 4
348 368 3
349 350 4
349 369 2
350 351 4
350 370 4
351 352 2
351 371 2
352 353 3
352 372 5
353 354 3
353 373 2
354 355 2
354 374 3
355 356 3
355 375 5
356 357 2
356 376 5
357 358 5
357 377 4
358 359 2
358 378 2
359 360 1
359 379 3
360 380 4
361 362 5
361 381 2
362 363 3
362 382 3
363 364 1
363 383 3
364 365 3
364 384 4
365 366 5
365 385 5
366 367 4
366 386 1
367 368 1
367 387 2
368 369 1
368 388 4
369 370 1
369 389 1
370 371 4
370 390 3
371 372 4
371 391 5
372 373 1
372 392 2
373 374 1
373 393 3
374 375 1
374 394 5
375 376 3
375 395 4
376 377 5
376 396 1
377 378 5
377 397 2
378 379 2
378 398 2
379 380 3
379 399 3
380 400 1
381 382 2
382 383 1
383 384 5
384 385 2
385 386 4
386 387 3
387 388 3
388 389 2
389 390 2
390 391 2
391 392 1
392 393 4
393 394 1
394 395 1
395 396 4
396 397 3
397 398 1
398 399 4
399 400 4
