100 4950
1 2 4
1 3 4
1 4 3
1 5 3
1 6 3
1 7 4
1 8 3
1 9 3
1 10 1
1 11 1
1 12 1
1 13 2
1 14 2
1 15 2
1 16 1
1 17 3
1 18 1
1 19 2
1 20 2
1 21 4
1 22 2
1 23 5
1 24 3
1 25 5
1 26 2
1 27 5
1 28 3
1 29 3
1 30 4
1 31 3
1 32 2
1 33 4
1 34 1
1 35 4
1 36 2
1 37 1
1 38 4
1 39 2
1 40 3
1 41 3
1 42 2
1 43 4
1 44 5
1 45 1
1 46 1
1 47 5
1 48 1
1 49 5
1 50 4
1 51 1
1 52 2
1 53 1
1 54 1
1 55 5
1 56 2
1 57 2
1 58 5
1 59 2
1 60 2
1 61 2
1 62 4
1 63 1
1 64 2
1 65 3
1 66 4
1 67 4
1 68 2
1 69 3
1 70 4
1 71 2
1 72 4
1 73 3
1 74 2
1 75 5
1 76 3
1 77 2
1 78 4
1 79 2
1 80 1
1 81 5
1 82 5
1 83 3
1 84 3
1 85 4
1 86 1
1 87 4
1 88 1
1 89 2
1 90 5
1 91 5
1 92 3
1 93 3
1 94 4
1 95 5
1 96 4
1 97 5
1 98 2
1 99 5
1 100 1
2 3 5
2 4 2
2 5 3
2 6 3
2 7 5
2 8 1
2 9 1
2 10 1
2 11 2
2 12 5
2 13 5
2 14 2
2 15 4
2 16 1
2 17 4
2 18 5
2 19 3
2 20 4
2 21 2
2 22 3
2 23 4
2 24 5
2 25 3
2 26 3
2 27 1
2 28 1
2 29 2
2 30 5
2 31 4
2 32 3
2 33 3
2 34 5
2 35 5
2 36 2
2 37 1
2 38 1
2 39 4
2 40 2
2 41 1
2 42 5
2 43 5
2 44 3
2 45 5
2 46 5
2 47 3
2 48 5
2 49 3
2 50 1
2 51 4
2 52 3
2 53 2
2 54 2
2 55 2
2 56 5
2 57 5
2 58 2
2 59 4
2 60 3
2 61 1
2 62 5
2 63 5
2 64 5
2 65 4
2 66 5
2 67 2
2 68 5
2 69 2
2 70 3
2 71 5
2 72 3
2 73 1
2 74 3
2 75 3
2 76 1
2 77 1
2 78 4
2 79 1
2 80 4
2 81 3
2 82 5
2 83 4
2 84 4
2 85 3
2 86 5
2 87 4
2 88 5
2 89 2
2 90 1
2 91 5
2 92 4
2 93 2
2 94 4
2 95 4
2 96 3
2 97 3
2 98 2
2 99 3
2 100 1
3 4 4
3 5 5
3 6 2
3 7 4
3 8 1
3 9 4
3 10 1
3 11 3
3 12 4
3 13 4
3 14 3
3 15 1
3 16 1
3 17 2
3 18 2
3 19 5
3 20 1
3 21 2
3 22 1
3 23 2
3 24 1
3 25 4
3 26 3
3 27 3
3 28 2
3 29 4
3 30 2
3 31 1
3 32 3
3 33 3
3 34 4
3 35 4
3 36 5
3 37 5
3 38 5
3 39 5
3 40 2
3 41 1
3 42 3
3 43 5
3 44 1
3 45 2
3 46 2
3 47 5
3 48 3
3 49 4
3 50 5
3 51 2
3 52 3
3 53 4
3 54 3
3 55 4
3 56 2
3 57 5
3 58 5
3 59 3
3 60 2
3 61 5
3 62 2
3 63 4
3 64 5
3 65 1
3 66 4
3 67 1
3 68 4
3 69 4
3 70 1
3 71 3
3 72 4
3 73 4
3 74 2
3 75 5
3 76 4
3 77 4
3 78 5
3 79 4
3 80 2
3 81 5
3 82 5
3 83 4
3 84 5
3 85 5
3 86 3
3 87 2
3 88 4
3 89 2
3 90 5
3 91 1
3 92 3
3 93 5
3 94 3
3 95 3
3 96 4
3 97 5
3 98 3
3 99 2
3 100 5
4 5 2
4 6 4
4 7 2
4 8 1
4 9 1
4 10 2
4 11 2
4 12 2
4 13 4
4 14 1
4 15 4
4 16 1
4 17 5
4 18 2
4 19 1
4 20 4
4 21 5
4 22 2
4 23 1
4 24 4
4 25 2
4 26 5
4 27 5
4 28 2
4 29 2
4 30 3
4 31 2
4 32 4
4 33 5
4 34 1
4 35 2
4 36 1
4 37 1
4 38 2
4 39 1
4 40 3
4 41 3
4 42 2
4 43 5
4 44 5
4 45 3
4 46 4
4 47 5
4 48 5
4 49 2
4 50 3
4 51 2
4 52 1
4 53 3
4 54 5
4 55 5
4 56 3
4 57 2
4 58 4
4 59 5
4 60 2
4 61 5
4 62 3
4 63 1
4 64 1
4 65 4
4 66 1
4 67 3
4 68 3
4 69 4
4 70 2
4 71 1
4 72 5
4 73 2
4 74 5
4 75 1
4 76 4
4 77 5
4 78 1
4 79 4
4 80 2
4 81 1
4 82 2
4 83 5
4 84 4
4 85 4
4 86 5
4 87 1
4 88 1
4 89 2
4 90 5
4 91 3
4 92 5
4 93 2
4 94 4
4 95 5
4 96 2
4 97 3
4 98 3
4 99 2
4 100 2
5 6 3
5 7 3
5 8 2
5 9 4
5 10 4
5 11 2
5 12 2
5 13 1
5 14 4
5 15 4
5 16 2
5 17 2
5 18 5
5 19 4
5 20 2
5 21 3
5 22 5
5 23 5
5 24 1
5 25 4
5 26 1
5 27 2
5 28 2
5 29 2
5 30 4
5 31 5
5 32 5
5 33 3
5 34 2
5 35 4
5 36 3
5 37 2
5 38 3
5 39 3
5 40 1
5 41 4
5 42 1
5 43 4
5 44 2
5 45 4
5 46 2
5 47 4
5 48 5
5 49 2
5 50 3
5 51 3
5 52 5
5 53 4
5 54 2
5 55 5
5 56 5
5 57 5
5 58 4
5 59 3
5 60 4
5 61 4
5 62 2
5 63 3
5 64 3
5 65 1
5 66 3
5 67 3
5 68 5
5 69 3
5 70 2
5 71 3
5 72 4
5 73 4
5 74 2
5 75 1
5 76 1
5 77 1
5 78 5
5 79 1
5 80 5
5 81 5
5 82 5
5 83 3
5 84 2
5 85 3
5 86 1
5 87 3
5 88 3
5 89 4
5 90 3
5 91 5
5 92 2
5 93 1
5 94 3
5 95 2
5 96 2
5 97 2
5 98 2
5 99 5
5 100 4
6 7 5
6 8 5
6 9 5
6 10 5
6 11 2
6 12 4
6 13 2
6 14 5
6 15 2
6 16 1
6 17 3
6 18 3
6 19 3
6 20 3
6 21 5
6 22 5
6 23 1
6 24 1
6 25 3
6 26 3
6 27 3
6 28 2
6 29 3
6 30 1
6 31 5
6 32 3
6 33 3
6 34 2
6 35 3
6 36 3
6 37 4
6 38 1
6 39 5
6 40 1
6 41 3
6 42 5
6 43 4
6 44 3
6 45 1
6 46 5
6 47 1
6 48 5
6 49 1
6 50 1
6 51 3
6 52 3
6 53 4
6 54 2
6 55 3
6 56 4
6 57 1
6 58 2
6 59 2
6 60 1
6 61 3
6 62 5
6 63 1
6 64 3
6 65 1
6 66 5
6 67 5
6 68 2
6 69 4
6 70 5
6 71 1
6 72 5
6 73 1
6 74 3
6 75 2
6 76 4
6 77 3
6 78 4
6 79 3
6 80 5
6 81 5
6 82 5
6 83 3
6 84 2
6 85 4
6 86 1
6 87 5
6 88 1
6 89 4
6 90 2
6 91 5
6 92 5
6 93 2
6 94 1
6 95 1
6 96 4
6 97 5
6 98 3
6 99 4
6 100 3
7 8 1
7 9 5
7 10 4
7 11 3
7 12 4
7 13 2
7 14 3
7 15 3
7 16 5
7 17 4
7 18 5
7 19 3
7 20 2
7 21 5
7 22 3
7 23 1
7 24 4
7 25 1
7 26 2
7 27 3
7 28 2
7 29 1
7 30 3
7 31 2
7 32 1
7 33 1
7 34 3
7 35 4
7 36 1
7 37 3
7 38 2
7 39 2
7 40 3
7 41 5
7 42 4
7 43 5
7 44 1
7 45 4
7 46 3
7 47 5
7 48 5
7 49 3
7 50 1
7 51 2
7 52 3
7 53 4
7 54 1
7 55 3
7 56 4
7 57 4
7 58 2
7 59 1
7 60 5
7 61 2
7 62 3
7 63 4
7 64 2
7 65 5
7 66 5
7 67 1
7 68 5
7 69 3
7 70 4
7 71 5
7 72 4
7 73 2
7 74 5
7 75 1
7 76 2
7 77 4
7 78 5
7 79 2
7 80 1
7 81 4
7 82 2
7 83 2
7 84 4
7 85 2
7 86 2
7 87 3
7 88 4
7 89 2
7 90 3
7 91 4
7 92 3
7 93 3
7 94 3
7 95 5
7 96 1
7 97 2
7 98 3
7 99 5
7 100 2
8 9 4
8 10 4
8 11 3
8 12 1
8 13 2
8 14 3
8 15 1
8 16 4
8 17 5
8 18 4
8 19 2
8 20 3
8 21 2
8 22 5
8 23 2
8 24 2
8 25 2
8 26 4
8 27 4
8 28 2
8 29 2
8 30 2
8 31 3
8 32 1
8 33 5
8 34 4
8 35 4
8 36 1
8 37 1
8 38 1
8 39 2
8 40 2
8 41 2
8 42 1
8 43 3
8 44 4
8 45 1
8 46 1
8 47 2
8 48 3
8 49 4
8 50 3
8 51 3
8 52 4
8 53 5
8 54 2
8 55 5
8 56 1
8 57 4
8 58 2
8 59 1
8 60 5
8 61 5
8 62 4
8 63 4
8 64 5
8 65 3
8 66 1
8 67 2
8 68 2
8 69 1
8 70 2
8 71 1
8 72 5
8 73 3
8 74 4
8 75 3
8 76 4
8 77 2
8 78 4
8 79 3
8 80 1
8 81 3
8 82 3
8 83 4
8 84 3
8 85 3
8 86 2
8 87 5
8 88 1
8 89 5
8 90 4
8 91 4
8 92 1
8 93 1
8 94 4
8 95 1
8 96 4
8 97 1
8 98 2
8 99 4
8 100 5
9 10 3
9 11 1
9 12 4
9 13 2
9 14 3
9 15 2
9 16 3
9 17 1
9 18 4
9 19 5
9 20 4
9 21 4
9 22 1
9 23 4
9 24 5
9 25 1
9 26 4
9 27 3
9 28 5
9 29 1
9 30 2
9 31 3
9 32 2
9 33 2
9 34 4
9 35 2
9 36 2
9 37 3
9 38 5
9 39 4
9 40 4
9 41 3
9 42 5
9 43 3
9 44 2
9 45 1
9 46 4
9 47 2
9 48 1
9 49 2
9 50 2
9 51 4
9 52 3
9 53 1
9 54 4
9 55 4
9 56 5
9 57 5
9 58 4
9 59 5
9 60 5
9 61 1
9 62 4
9 63 3
9 64 5
9 65 3
9 66 5
9 67 2
9 68 1
9 69 2
9 70 2
9 71 2
9 72 5
9 73 5
9 74 1
9 75 3
9 76 2
9 77 3
9 78 4
9 79 4
9 80 1
9 81 3
9 82 2
9 83 5
9 84 2
9 85 3
9 86 5
9 87 3
9 88 1
9 89 4
9 90 5
9 91 4
9 92 2
9 93 1
9 94 3
9 95 5
9 96 2
9 97 5
9 98 1
9 99 4
9 100 5
10 11 3
10 12 4
10 13 5
10 14 1
10 15 1
10 16 2
10 17 3
10 18 3
10 19 2
10 20 2
10 21 3
10 22 2
10 23 4
10 24 1
10 25 1
10 26 3
10 27 2
10 28 4
10 29 5
10 30 4
10 31 5
10 32 3
10 33 3
10 34 2
10 35 4
10 36 4
10 37 5
10 38 5
10 39 1
10 40 4
10 41 2
10 42 3
10 43 1
10 44 3
10 45 1
10 46 1
10 47 1
10 48 2
10 49 1
10 50 5
10 51 2
10 52 1
10 53 2
10 54 4
10 55 3
10 56 1
10 57 4
10 58 4
10 59 2
10 60 4
10 61 2
10 62 2
10 63 4
10 64 4
10 65 2
10 66 3
10 67 2
10 68 5
10 69 2
10 70 3
10 71 2
10 72 4
10 73 3
10 74 3
10 75 4
10 76 3
10 77 4
10 78 2
10 79 5
10 80 4
10 81 2
10 82 4
10 83 1
10 84 3
10 85 5
10 86 2
10 87 4
10 88 5
10 89 3
10 90 5
10 91 4
10 92 4
10 93 3
10 94 4
10 95 5
10 96 1
10 97 1
10 98 2
10 99 3
10 100 1
11 12 5
11 13 1
11 14 4
11 15 5
11 16 2
11 17 4
11 18 1
11 19 3
11 20 1
11 21 1
11 22 1
11 23 1
11 24 1
11 25 1
11 26 1
11 27 5
11 28 4
11 29 4
11 30 2
11 31 3
11 32 1
11 33 1
11 34 3
11 35 5
11 36 3
11 37 5
11 38 1
11 39 4
11 40 4
11 41 3
11 42 1
11 43 1
11 44 1
11 45 3
11 46 2
11 47 2
11 48 5
11 49 3
11 50 1
11 51 1
11 52 3
11 53 5
11 54 5
11 55 4
11 56 3
11 57 3
11 58 5
11 59 5
11 60 1
11 61 1
11 62 3
11 63 3
11 64 3
11 65 3
11 66 3
11 67 1
11 68 5
11 69 3
11 70 4
11 71 2
11 72 2
11 73 5
11 74 5
11 75 2
11 76 4
11 77 3
11 78 1
11 79 3
11 80 5
11 81 2
11 82 2
11 83 3
11 84 4
11 85 4
11 86 1
11 87 4
11 88 2
11 89 4
11 90 4
11 91 4
11 92 4
11 93 5
11 94 3
11 95 2
11 96 2
11 97 4
11 98 2
11 99 5
11 100 5
12 13 1
12 14 1
12 15 4
12 16 3
12 17 3
12 18 2
12 19 3
12 20 5
12 21 4
12 22 2
12 23 2
12 24 1
12 25 1
12 26 1
12 27 1
12 28 4
12 29 1
12 30 3
12 31 5
12 32 4
12 33 4
12 34 3
12 35 2
12 36 1
12 37 1
12 38 3
12 39 2
12 40 5
12 41 3
12 42 1
12 43 1
12 44 1
12 45 5
12 46 5
12 47 3
12 48 4
12 49 4
12 50 4
12 51 5
12 52 3
12 53 1
12 54 2
12 55 2
12 56 5
12 57 3
12 58 4
12 59 3
12 60 4
12 61 5
12 62 3
12 63 5
12 64 1
12 65 5
12 66 1
12 67 2
12 68 2
12 69 2
12 70 3
12 71 1
12 72 5
12 73 3
12 74 1
12 75 2
12 76 3
12 77 5
12 78 5
12 79 1
12 80 4
12 81 5
12 82 5
12 83 4
12 84 3
12 85 2
12 86 5
12 87 2
12 88 3
12 89 2
12 90 2
12 91 4
12 92 1
12 93 2
12 94 2
12 95 5
12 96 1
12 97 5
12 98 4
12 99 1
12 100 2
13 14 4
13 15 5
13 16 3
13 17 5
13 18 5
13 19 5
13 20 4
13 21 3
13 22 2
13 23 2
13 24 1
13 25 1
13 26 1
13 27 1
13 28 1
13 29 5
13 30 4
13 31 2
13 32 3
13 33 5
13 34 1
13 35 1
13 36 5
13 37 4
13 38 1
13 39 5
13 40 3
13 41 2
13 42 1
13 43 5
13 44 4
13 45 5
13 46 2
13 47 2
13 48 4
13 49 1
13 50 4
13 51 5
13 52 3
13 53 5
13 54 3
13 55 2
13 56 4
13 57 3
13 58 2
13 59 3
13 60 3
13 61 5
13 62 3
13 63 2
13 64 2
13 65 4
13 66 1
13 67 5
13 68 3
13 69 1
13 70 2
13 71 3
13 72 3
13 73 2
13 74 1
13 75 1
13 76 2
13 77 4
13 78 4
13 79 5
13 80 2
13 81 3
13 82 2
13 83 4
13 84 2
13 85 3
13 86 5
13 87 4
13 88 1
13 89 4
13 90 5
13 91 2
13 92 1
13 93 1
13 94 5
13 95 5
13 96 5
13 97 2
13 98 2
13 99 4
13 100 4
14 15 4
14 16 1
14 17 2
14 18 1
14 19 5
14 20 5
14 21 1
14 22 4
14 23 5
14 24 5
14 25 4
14 26 4
14 27 3
14 28 5
14 29 1
14 30 1
14 31 1
14 32 2
14 33 3
14 34 3
14 35 4
14 36 2
14 37 1
14 38 3
14 39 3
14 40 5
14 41 5
14 42 3
14 43 5
14 44 3
14 45 1
14 46 2
14 47 1
14 48 4
14 49 2
14 50 2
14 51 3
14 52 1
14 53 3
14 54 4
14 55 5
14 56 5
14 57 3
14 58 5
14 59 5
14 60 5
14 61 2
14 62 1
14 63 4
14 64 4
14 65 2
14 66 4
14 67 4
14 68 1
14 69 3
14 70 3
14 71 5
14 72 4
14 73 4
14 74 1
14 75 1
14 76 2
14 77 2
14 78 3
14 79 4
14 80 5
14 81 2
14 82 4
14 83 4
14 84 2
14 85 3
14 86 1
14 87 2
14 88 3
14 89 4
14 90 4
14 91 5
14 92 2
14 93 3
14 94 3
14 95 5
14 96 1
14 97 1
14 98 4
14 99 1
14 100 4
15 16 4
15 17 4
15 18 4
15 19 5
15 20 1
15 21 1
15 22 1
15 23 2
15 24 1
15 25 1
15 26 2
15 27 3
15 28 5
15 29 4
15 30 4
15 31 1
15 32 5
15 33 2
15 34 5
15 35 2
15 36 4
15 37 2
15 38 3
15 39 1
15 40 4
15 41 1
15 42 2
15 43 3
15 44 2
15 45 2
15 46 3
15 47 5
15 48 4
15 49 5
15 50 4
15 51 3
15 52 5
15 53 4
15 54 4
15 55 5
15 56 3
15 57 5
15 58 4
15 59 1
15 60 2
15 61 3
15 62 1
15 63 2
15 64 4
15 65 3
15 66 2
15 67 2
15 68 4
15 69 1
15 70 4
15 71 5
15 72 4
15 73 5
15 74 3
15 75 4
15 76 1
15 77 3
15 78 3
15 79 1
15 80 3
15 81 4
15 82 3
15 83 3
15 84 1
15 85 4
15 86 1
15 87 1
15 88 1
15 89 4
15 90 1
15 91 1
15 92 3
15 93 2
15 94 1
15 95 5
15 96 3
15 97 4
15 98 4
15 99 1
15 100 3
16 17 4
16 18 1
16 19 4
16 20 5
16 21 5
16 22 2
16 23 1
16 24 3
16 25 5
16 26 1
16 27 4
16 28 5
16 29 4
16 30 2
16 31 1
16 32 4
16 33 2
16 34 1
16 35 2
16 36 3
16 37 4
16 38 2
16 39 3
16 40 3
16 41 4
16 42 2
16 43 4
16 44 1
16 45 4
16 46 3
16 47 4
16 48 4
16 49 3
16 50 1
16 51 3
16 52 2
16 53 4
16 54 5
16 55 4
16 56 5
16 57 5
16 58 4
16 59 1
16 60 5
16 61 5
16 62 5
16 63 1
16 64 4
16 65 4
16 66 1
16 67 4
16 68 1
16 69 2
16 70 5
16 71 5
16 72 2
16 73 3
16 74 1
16 75 2
16 76 5
16 77 2
16 78 2
16 79 2
16 80 2
16 81 3
16 82 2
16 83 4
16 84 1
16 85 1
16 86 5
16 87 5
16 88 1
16 89 4
16 90 3
16 91 2
16 92 3
16 93 3
16 94 4
16 95 4
16 96 4
16 97 4
16 98 4
16 99 2
16 100 1
17 18 3
17 19 2
17 20 4
17 21 1
17 22 2
17 23 1
17 24 1
17 25 3
17 26 4
17 27 3
17 28 2
17 29 1
17 30 1
17 31 1
17 32 3
17 33 5
17 34 5
17 35 2
17 36 1
17 37 4
17 38 2
17 39 4
17 40 3
17 41 2
17 42 1
17 43 4
17 44 3
17 45 4
17 46 1
17 47 5
17 48 1
17 49 2
17 50 3
17 51 5
17 52 1
17 53 3
17 54 5
17 55 4
17 56 3
17 57 5
17 58 2
17 59 3
17 60 5
17 61 5
17 62 1
17 63 2
17 64 2
17 65 3
17 66 1
17 67 3
17 68 3
17 69 4
17 70 1
17 71 1
17 72 5
17 73 4
17 74 1
17 75 3
17 76 4
17 77 1
17 78 2
17 79 2
17 80 5
17 81 5
17 82 4
17 83 3
17 84 3
17 85 3
17 86 3
17 87 1
17 88 4
17 89 5
17 90 1
17 91 3
17 92 2
17 93 1
17 94 3
17 95 4
17 96 2
17 97 5
17 98 5
17 99 5
17 100 2
18 19 1
18 20 5
18 21 3
18 22 5
18 23 2
18 24 5
18 25 2
18 26 3
18 27 3
18 28 4
18 29 4
18 30 5
18 31 5
18 32 2
18 33 2
18 34 1
18 35 2
18 36 5
18 37 2
18 38 1
18 39 2
18 40 3
18 41 3
18 42 2
18 43 1
18 44 1
18 45 4
18 46 4
18 47 1
18 48 4
18 49 3
18 50 3
18 51 2
18 52 4
18 53 2
18 54 4
18 55 1
18 56 1
18 57 5
18 58 5
18 59 2
18 60 3
18 61 1
18 62 3
18 63 1
18 64 3
18 65 2
18 66 2
18 67 5
18 68 5
18 69 5
18 70 4
18 71 3
18 72 1
18 73 2
18 74 3
18 75 5
18 76 3
18 77 5
18 78 1
18 79 5
18 80 1
18 81 4
18 82 1
18 83 4
18 84 1
18 85 1
18 86 5
18 87 3
18 88 5
18 89 4
18 90 5
18 91 5
18 92 1
18 93 4
18 94 1
18 95 5
18 96 2
18 97 4
18 98 5
18 99 3
18 100 3
19 20 1
19 21 3
19 22 5
19 23 4
19 24 1
19 25 3
19 26 3
19 27 5
19 28 2
19 29 2
19 30 5
19 31 5
19 32 2
19 33 5
19 34 2
19 35 5
19 36 3
19 37 3
19 38 4
19 39 2
19 40 5
19 41 5
19 42 4
19 43 5
19 44 5
19 45 4
19 46 4
19 47 2
19 48 5
19 49 5
19 50 2
19 51 1
19 52 1
19 53 3
19 54 1
19 55 5
19 56 5
19 57 2
19 58 5
19 59 2
19 60 5
19 61 4
19 62 3
19 63 4
19 64 1
19 65 2
19 66 2
19 67 5
19 68 2
19 69 4
19 70 5
19 71 1
19 72 1
19 73 2
19 74 1
19 75 5
19 76 3
19 77 2
19 78 4
19 79 1
19 80 5
19 81 4
19 82 1
19 83 2
19 84 2
19 85 3
19 86 1
19 87 3
19 88 2
19 89 1
19 90 1
19 91 5
19 92 3
19 93 1
19 94 2
19 95 2
19 96 5
19 97 1
19 98 2
19 99 3
19 100 2
20 21 4
20 22 4
20 23 3
20 24 3
20 25 5
20 26 4
20 27 1
20 28 1
20 29 1
20 30 5
20 31 4
20 32 3
20 33 4
20 34 5
20 35 4
20 36 2
20 37 4
20 38 2
20 39 1
20 40 5
20 41 1
20 42 2
20 43 3
20 44 4
20 45 3
20 46 2
20 47 3
20 48 1
20 49 3
20 50 4
20 51 1
20 52 3
20 53 1
20 54 5
20 55 4
20 56 2
20 57 3
20 58 4
20 59 4
20 60 2
20 61 5
20 62 3
20 63 4
20 64 2
20 65 5
20 66 2
20 67 1
20 68 2
20 69 2
20 70 5
20 71 3
20 72 5
20 73 5
20 74 1
20 75 2
20 76 4
20 77 1
20 78 2
20 79 4
20 80 3
20 81 4
20 82 5
20 83 1
20 84 1
20 85 5
20 86 1
20 87 5
20 88 5
20 89 3
20 90 5
20 91 1
20 92 2
20 93 3
20 94 1
20 95 3
20 96 1
20 97 5
20 98 1
20 99 5
20 100 1
21 22 1
21 23 5
21 24 2
21 25 1
21 26 1
21 27 5
21 28 2
21 29 1
21 30 4
21 31 4
21 32 4
21 33 3
21 34 2
21 35 2
21 36 2
21 37 5
21 38 4
21 39 4
21 40 3
21 41 3
21 42 2
21 43 4
21 44 3
21 45 4
21 46 5
21 47 1
21 48 3
21 49 3
21 50 5
21 51 1
21 52 1
21 53 4
21 54 3
21 55 4
21 56 3
21 57 5
21 58 2
21 59 2
21 60 4
21 61 2
21 62 5
21 63 2
21 64 5
21 65 4
21 66 2
21 67 2
21 68 4
21 69 3
21 70 3
21 71 1
21 72 4
21 73 5
21 74 1
21 75 2
21 76 3
21 77 2
21 78 1
21 79 4
21 80 2
21 81 1
21 82 3
21 83 5
21 84 4
21 85 4
21 86 4
21 87 3
21 88 4
21 89 1
21 90 3
21 91 4
21 92 2
21 93 1
21 94 2
21 95 1
21 96 1
21 97 5
21 98 2
21 99 5
21 100 2
22 23 1
22 24 2
22 25 2
22 26 4
22 27 5
22 28 3
22 29 5
22 30 2
22 31 3
22 32 3
22 33 2
22 34 4
22 35 3
22 36 5
22 37 1
22 38 2
22 39 2
22 40 2
22 41 5
22 42 1
22 43 4
22 44 4
22 45 2
22 46 2
22 47 2
22 48 1
22 49 3
22 50 4
22 51 1
22 52 5
22 53 4
22 54 5
22 55 1
22 56 4
22 57 1
22 58 1
22 59 2
22 60 1
22 61 3
22 62 5
22 63 1
22 64 2
22 65 3
22 66 5
22 67 1
22 68 2
22 69 1
22 70 5
22 71 3
22 72 3
22 73 3
22 74 2
22 75 1
22 76 4
22 77 4
22 78 2
22 79 1
22 80 1
22 81 5
22 82 3
22 83 3
22 84 5
22 85 5
22 86 1
22 87 3
22 88 1
22 89 5
22 90 5
22 91 1
22 92 1
22 93 1
22 94 2
22 95 3
22 96 3
22 97 3
22 98 5
22 99 1
22 100 5
23 24 2
23 25 3
23 26 4
23 27 4
23 28 4
23 29 1
23 30 4
23 31 2
23 32 5
23 33 2
23 34 3
23 35 5
23 36 5
23 37 3
23 38 4
23 39 4
23 40 1
23 41 3
23 42 2
23 43 4
23 44 3
23 45 5
23 46 2
23 47 2
23 48 4
23 49 4
23 50 1
23 51 4
23 52 2
23 53 5
23 54 2
23 55 2
23 56 1
23 57 3
23 58 2
23 59 5
23 60 4
23 61 5
23 62 4
23 63 2
23 64 2
23 65 2
23 66 2
23 67 2
23 68 5
23 69 1
23 70 4
23 71 1
23 72 4
23 73 5
23 74 1
23 75 4
23 76 5
23 77 2
23 78 5
23 79 2
23 80 1
23 81 5
23 82 3
23 83 2
23 84 2
23 85 1
23 86 4
23 87 4
23 88 4
23 89 4
23 90 4
23 91 3
23 92 4
23 93 5
23 94 4
23 95 5
23 96 4
23 97 2
23 98 1
23 99 2
23 100 4
24 25 4
24 26 4
24 27 2
24 28 1
24 29 2
24 30 2
24 31 1
24 32 4
24 33 3
24 34 2
24 35 1
24 36 4
24 37 3
24 38 5
24 39 3
24 40 4
24 41 2
24 42 5
24 43 2
24 44 2
24 45 1
24 46 3
24 47 4
24 48 4
24 49 5
24 50 1
24 51 2
24 52 5
24 53 3
24 54 3
24 55 2
24 56 3
24 57 3
24 58 4
24 59 5
24 60 4
24 61 4
24 62 1
24 63 3
24 64 2
24 65 2
24 66 2
24 67 5
24 68 4
24 69 2
24 70 4
24 71 4
24 72 4
24 73 5
24 74 4
24 75 1
24 76 3
24 77 1
24 78 2
24 79 1
24 80 2
24 81 4
24 82 5
24 83 3
24 84 1
24 85 5
24 86 4
24 87 3
24 88 2
24 89 1
24 90 1
24 91 4
24 92 3
24 93 3
24 94 2
24 95 4
24 96 4
24 97 4
24 98 5
24 99 2
24 100 2
25 26 2
25 27 5
25 28 2
25 29 4
25 30 1
25 31 1
25 32 1
25 33 4
25 34 4
25 35 5
25 36 4
25 37 3
25 38 2
25 39 4
25 40 1
25 41 3
25 42 5
25 43 3
25 44 1
25 45 1
25 46 2
25 47 3
25 48 5
25 49 5
25 50 2
25 51 5
25 52 3
25 53 1
25 54 2
25 55 5
25 56 3
25 57 4
25 58 1
25 59 4
25 60 4
25 61 3
25 62 1
25 63 2
25 64 2
25 65 2
25 66 5
25 67 5
25 68 1
25 69 5
25 70 1
25 71 1
25 72 3
25 73 3
25 74 2
25 75 1
25 76 4
25 77 3
25 78 3
25 79 1
25 80 3
25 81 3
25 82 5
25 83 3
25 84 1
25 85 4
25 86 4
25 87 1
25 88 3
25 89 1
25 90 3
25 91 4
25 92 3
25 93 2
25 94 2
25 95 1
25 96 3
25 97 3
25 98 4
25 99 4
25 100 2
26 27 5
26 28 5
26 29 2
26 30 1
26 31 4
26 32 4
26 33 1
26 34 4
26 35 4
26 36 3
26 37 3
26 38 4
26 39 2
26 40 1
26 41 3
26 42 4
26 43 2
26 44 2
26 45 3
26 46 4
26 47 1
26 48 3
26 49 4
26 50 1
26 51 3
26 52 1
26 53 2
26 54 2
26 55 4
26 56 5
26 57 2
26 58 5
26 59 2
26 60 2
26 61 4
26 62 3
26 63 1
26 64 3
26 65 4
26 66 1
26 67 2
26 68 2
26 69 5
26 70 1
26 71 2
26 72 3
26 73 1
26 74 2
26 75 3
26 76 5
26 77 4
26 78 1
26 79 5
26 80 2
26 81 5
26 82 4
26 83 4
26 84 1
26 85 1
26 86 2
26 87 3
26 88 3
26 89 3
26 90 3
26 91 2
26 92 5
26 93 1
26 94 3
26 95 4
26 96 1
26 97 1
26 98 2
26 99 1
26 100 1
27 28 5
27 29 5
27 30 3
27 31 3
27 32 3
27 33 2
27 34 4
27 35 4
27 36 4
27 37 2
27 38 4
27 39 4
27 40 2
27 41 4
27 42 5
27 43 4
27 44 4
27 45 5
27 46 3
27 47 4
27 48 1
27 49 2
27 50 2
27 51 5
27 52 1
27 53 1
27 54 1
27 55 5
27 56 4
27 57 2
27 58 3
27 59 2
27 60 5
27 61 5
27 62 1
27 63 1
27 64 1
27 65 4
27 66 5
27 67 1
27 68 5
27 69 1
27 70 2
27 71 4
27 72 5
27 73 1
27 74 3
27 75 5
27 76 3
27 77 1
27 78 4
27 79 4
27 80 4
27 81 1
27 82 3
27 83 3
27 84 1
27 85 5
27 86 2
27 87 5
27 88 2
27 89 5
27 90 4
27 91 5
27 92 3
27 93 3
27 94 1
27 95 5
27 96 5
27 97 3
27 98 3
27 99 2
27 100 5
28 29 3
28 30 3
28 31 3
28 32 3
28 33 4
28 34 2
28 35 4
28 36 2
28 37 1
28 38 1
28 39 3
28 40 4
28 41 1
28 42 5
28 43 4
28 44 4
28 45 3
28 46 2
28 47 2
28 48 2
28 49 2
28 50 2
28 51 5
28 52 4
28 53 5
28 54 4
28 55 1
28 56 4
28 57 2
28 58 2
28 59 3
28 60 2
28 61 4
28 62 4
28 63 5
28 64 3
28 65 4
28 66 2
28 67 3
28 68 1
28 69 2
28 70 1
28 71 1
28 72 3
28 73 5
28 74 3
28 75 4
28 76 1
28 77 5
28 78 1
28 79 1
28 80 5
28 81 5
28 82 5
28 83 5
28 84 1
28 85 2
28 86 5
28 87 4
28 88 2
28 89 1
28 90 1
28 91 5
28 92 5
28 93 1
28 94 2
28 95 2
28 96 4
28 97 3
28 98 4
28 99 2
28 100 5
29 30 2
29 31 5
29 32 3
29 33 3
29 34 1
29 35 2
29 36 5
29 37 4
29 38 3
29 39 1
29 40 1
29 41 3
29 42 4
29 43 2
29 44 3
29 45 3
29 46 2
29 47 4
29 48 4
29 49 4
29 50 3
29 51 1
29 52 3
29 53 4
29 54 4
29 55 2
29 56 3
29 57 2
29 58 4
29 59 4
29 60 2
29 61 3
29 62 5
29 63 5
29 64 2
29 65 2
29 66 2
29 67 4
29 68 1
29 69 1
29 70 2
29 71 3
29 72 5
29 73 1
29 74 2
29 75 1
29 76 5
29 77 5
29 78 5
29 79 3
29 80 4
29 81 2
29 82 3
29 83 1
29 84 3
29 85 4
29 86 3
29 87 5
29 88 2
29 89 1
29 90 1
29 91 2
29 92 5
29 93 2
29 94 1
29 95 4
29 96 4
29 97 4
29 98 2
29 99 3
29 100 4
30 31 1
30 32 2
30 33 5
30 34 5
30 35 3
30 36 3
30 37 4
30 38 1
30 39 4
30 40 5
30 41 4
30 42 2
30 43 5
30 44 5
30 45 4
30 46 2
30 47 4
30 48 5
30 49 2
30 50 3
30 51 1
30 52 2
30 53 5
30 54 5
30 55 1
30 56 4
30 57 3
30 58 5
30 59 5
30 60 1
30 61 2
30 62 4
30 63 4
30 64 1
30 65 5
30 66 3
30 67 1
30 68 5
30 69 3
30 70 5
30 71 4
30 72 4
30 73 3
30 74 4
30 75 5
30 76 2
30 77 2
30 78 1
30 79 3
30 80 2
30 81 3
30 82 2
30 83 2
30 84 5
30 85 3
30 86 3
30 87 1
30 88 4
30 89 5
30 90 4
30 91 1
30 92 1
30 93 1
30 94 1
30 95 4
30 96 2
30 97 3
30 98 3
30 99 4
30 100 3
31 32 1
31 33 3
31 34 4
31 35 4
31 36 4
31 37 2
31 38 4
31 39 3
31 40 2
31 41 3
31 42 2
31 43 1
31 44 1
31 45 5
31 46 4
31 47 4
31 48 3
31 49 1
31 50 5
31 51 2
31 52 5
31 53 3
31 54 1
31 55 2
31 56 1
31 57 2
31 58 2
31 59 4
31 60 1
31 61 3
31 62 1
31 63 3
31 64 2
31 65 5
31 66 5
31 67 2
31 68 1
31 69 3
31 70 2
31 71 4
31 72 4
31 73 3
31 74 4
31 75 3
31 76 3
31 77 3
31 78 4
31 79 1
31 80 1
31 81 1
31 82 3
31 83 5
31 84 1
31 85 2
31 86 3
31 87 4
31 88 5
31 89 2
31 90 1
31 91 2
31 92 4
31 93 5
31 94 3
31 95 5
31 96 1
31 97 1
31 98 4
31 99 3
31 100 1
32 33 2
32 34 4
32 35 4
32 36 1
32 37 5
32 38 3
32 39 2
32 40 3
32 41 4
32 42 1
32 43 1
32 44 4
32 45 5
32 46 3
32 47 1
32 48 5
32 49 5
32 50 2
32 51 2
32 52 2
32 53 1
32 54 2
32 55 4
32 56 3
32 57 4
32 58 1
32 59 1
32 60 4
32 61 4
32 62 3
32 63 5
32 64 1
32 65 3
32 66 3
32 67 5
32 68 2
32 69 2
32 70 2
32 71 5
32 72 4
32 73 3
32 74 1
32 75 5
32 76 2
32 77 4
32 78 3
32 79 1
32 80 4
32 81 2
32 82 3
32 83 4
32 84 3
32 85 3
32 86 5
32 87 5
32 88 1
32 89 3
32 90 5
32 91 5
32 92 5
32 93 2
32 94 5
32 95 2
32 96 1
32 97 1
32 98 1
32 99 2
32 100 1
33 34 4
33 35 5
33 36 2
33 37 3
33 38 2
33 39 2
33 40 1
33 41 2
33 42 1
33 43 1
33 44 5
33 45 1
33 46 1
33 47 2
33 48 3
33 49 3
33 50 3
33 51 5
33 52 5
33 53 4
33 54 3
33 55 1
33 56 3
33 57 4
33 58 2
33 59 5
33 60 2
33 61 1
33 62 3
33 63 4
33 64 3
33 65 4
33 66 3
33 67 1
33 68 3
33 69 2
33 70 3
33 71 5
33 72 4
33 73 3
33 74 1
33 75 2
33 76 5
33 77 4
33 78 1
33 79 4
33 80 4
33 81 3
33 82 2
33 83 3
33 84 3
33 85 2
33 86 2
33 87 1
33 88 1
33 89 1
33 90 1
33 91 4
33 92 5
33 93 4
33 94 4
33 95 4
33 96 3
33 97 3
33 98 5
33 99 4
33 100 3
34 35 5
34 36 4
34 37 4
34 38 5
34 39 5
34 40 4
34 41 3
34 42 5
34 43 2
34 44 4
34 45 2
34 46 1
34 47 4
34 48 3
34 49 2
34 50 1
34 51 5
34 52 1
34 53 1
34 54 1
34 55 4
34 56 3
34 57 5
34 58 5
34 59 1
34 60 2
34 61 2
34 62 5
34 63 3
34 64 5
34 65 2
34 66 1
34 67 1
34 68 2
34 69 1
34 70 4
34 71 2
34 72 1
34 73 1
34 74 4
34 75 5
34 76 5
34 77 4
34 78 5
34 79 1
34 80 4
34 81 2
34 82 3
34 83 5
34 84 1
34 85 2
34 86 4
34 87 3
34 88 2
34 89 2
34 90 3
34 91 3
34 92 1
34 93 1
34 94 5
34 95 2
34 96 1
34 97 4
34 98 5
34 99 3
34 100 2
35 36 2
35 37 3
35 38 4
35 39 3
35 40 1
35 41 1
35 42 4
35 43 3
35 44 3
35 45 3
35 46 3
35 47 4
35 48 2
35 49 3
35 50 1
35 51 4
35 52 5
35 53 5
35 54 4
35 55 2
35 56 1
35 57 4
35 58 4
35 59 2
35 60 4
35 61 4
35 62 5
35 63 5
35 64 3
35 65 5
35 66 4
35 67 2
35 68 2
35 69 2
35 70 4
35 71 4
35 72 3
35 73 5
35 74 3
35 75 1
35 76 4
35 77 1
35 78 4
35 79 5
35 80 2
35 81 4
35 82 4
35 83 5
35 84 4
35 85 5
35 86 4
35 87 1
35 88 5
35 89 4
35 90 2
35 91 2
35 92 5
35 93 4
35 94 4
35 95 1
35 96 3
35 97 5
35 98 1
35 99 1
35 100 2
36 37 4
36 38 1
36 39 1
36 40 1
36 41 3
36 42 4
36 43 4
36 44 4
36 45 2
36 46 2
36 47 4
36 48 3
36 49 2
36 50 3
36 51 2
36 52 4
36 53 2
36 54 5
36 55 4
36 56 2
36 57 5
36 58 5
36 59 2
36 60 2
36 61 3
36 62 1
36 63 3
36 64 4
36 65 4
36 66 4
36 67 1
36 68 1
36 69 3
36 70 5
36 71 4
36 72 1
36 73 2
36 74 3
36 75 5
36 76 3
36 77 5
36 78 5
36 79 1
36 80 3
36 81 2
36 82 4
36 83 3
36 84 4
36 85 2
36 86 1
36 87 3
36 88 1
36 89 3
36 90 5
36 91 2
36 92 5
36 93 2
36 94 4
36 95 5
36 96 4
36 97 5
36 98 1
36 99 2
36 100 3
37 38 2
37 39 3
37 40 3
37 41 5
37 42 2
37 43 5
37 44 1
37 45 5
37 46 2
37 47 4
37 48 3
37 49 1
37 50 1
37 51 5
37 52 3
37 53 4
37 54 1
37 55 1
37 56 5
37 57 5
37 58 5
37 59 2
37 60 1
37 61 4
37 62 3
37 63 1
37 64 5
37 65 2
37 66 2
37 67 5
37 68 3
37 69 3
37 70 3
37 71 1
37 72 5
37 73 1
37 74 4
37 75 2
37 76 4
37 77 2
37 78 2
37 79 3
37 80 3
37 81 3
37 82 4
37 83 3
37 84 3
37 85 2
37 86 5
37 87 5
37 88 5
37 89 3
37 90 2
37 91 4
37 92 1
37 93 1
37 94 3
37 95 3
37 96 4
37 97 1
37 98 3
37 99 5
37 100 5
38 39 3
38 40 5
38 41 1
38 42 2
38 43 4
38 44 1
38 45 4
38 46 3
38 47 4
38 48 1
38 49 2
38 50 5
38 51 4
38 52 3
38 53 4
38 54 5
38 55 3
38 56 3
38 57 5
38 58 5
38 59 4
38 60 4
38 61 3
38 62 2
38 63 3
38 64 4
38 65 2
38 66 4
38 67 4
38 68 5
38 69 1
38 70 5
38 71 1
38 72 5
38 73 3
38 74 1
38 75 2
38 76 2
38 77 2
38 78 2
38 79 4
38 80 1
38 81 3
38 82 3
38 83 3
38 84 5
38 85 3
38 86 4
38 87 4
38 88 3
38 89 4
38 90 5
38 91 3
38 92 1
38 93 4
38 94 1
38 95 3
38 96 1
38 97 2
38 98 3
38 99 2
38 100 4
39 40 1
39 41 1
39 42 2
39 43 2
39 44 1
39 45 2
39 46 4
39 47 5
39 48 2
39 49 3
39 50 1
39 51 4
39 52 5
39 53 3
39 54 4
39 55 4
39 56 2
39 57 5
39 58 1
39 59 1
39 60 4
39 61 1
39 62 1
39 63 3
39 64 1
39 65 3
39 66 3
39 67 1
39 68 4
39 69 2
39 70 4
39 71 4
39 72 3
39 73 4
39 74 4
39 75 5
39 76 4
39 77 2
39 78 2
39 79 4
39 80 4
39 81 4
39 82 4
39 83 3
39 84 3
39 85 3
39 86 2
39 87 2
39 88 2
39 89 3
39 90 5
39 91 3
39 92 2
39 93 3
39 94 3
39 95 3
39 96 3
39 97 5
39 98 5
39 99 1
39 100 5
40 41 3
40 42 1
40 43 2
40 44 2
40 45 3
40 46 1
40 47 3
40 48 2
40 49 1
40 50 4
40 51 2
40 52 5
40 53 5
40 54 1
40 55 2
40 56 1
40 57 2
40 58 3
40 59 4
40 60 1
40 61 2
40 62 2
40 63 1
40 64 1
40 65 2
40 66 5
40 67 1
40 68 3
40 69 3
40 70 5
40 71 2
40 72 3
40 73 2
40 74 1
40 75 3
40 76 5
40 77 3
40 78 5
40 79 5
40 80 4
40 81 5
40 82 2
40 83 5
40 84 3
40 85 2
40 86 2
40 87 4
40 88 3
40 89 1
40 90 5
40 91 1
40 92 4
40 93 4
40 94 3
40 95 5
40 96 4
40 97 4
40 98 1
40 99 1
40 100 2
41 42 5
41 43 3
41 44 2
41 45 5
41 46 4
41 47 5
41 48 4
41 49 1
41 50 3
41 51 1
41 52 5
41 53 1
41 54 3
41 55 4
41 56 3
41 57 5
41 58 5
41 59 3
41 60 2
41 61 3
41 62 3
41 63 4
41 64 1
41 65 2
41 66 3
41 67 4
41 68 1
41 69 2
41 70 3
41 71 2
41 72 4
41 73 1
41 74 2
41 75 4
41 76 1
41 77 4
41 78 2
41 79 4
41 80 1
41 81 4
41 82 2
41 83 4
41 84 4
41 85 3
41 86 3
41 87 4
41 88 2
41 89 3
41 90 4
41 91 3
41 92 5
41 93 2
41 94 1
41 95 4
41 96 5
41 97 1
41 98 4
41 99 4
41 100 3
42 43 1
42 44 3
42 45 3
42 46 3
42 47 5
42 48 2
42 49 3
42 50 3
42 51 1
42 52 1
42 53 3
42 54 4
42 55 1
42 56 3
42 57 4
42 58 2
42 59 5
42 60 5
42 61 4
42 62 1
42 63 1
42 64 2
42 65 5
42 66 2
42 67 4
42 68 5
42 69 4
42 70 5
42 71 5
42 72 1
42 73 5
42 74 2
42 75 3
42 76 2
42 77 4
42 78 5
42 79 3
42 80 4
42 81 4
42 82 4
42 83 1
42 84 1
42 85 2
42 86 2
42 87 5
42 88 4
42 89 4
42 90 2
42 91 3
42 92 1
42 93 2
42 94 2
42 95 1
42 96 5
42 97 4
42 98 5
42 99 5
42 100 4
43 44 1
43 45 5
43 46 4
43 47 5
43 48 3
43 49 3
43 50 1
43 51 1
43 52 3
43 53 3
43 54 4
43 55 1
43 56 2
43 57 5
43 58 3
43 59 4
43 60 5
43 61 3
43 62 4
43 63 5
43 64 4
43 65 1
43 66 5
43 67 1
43 68 2
43 69 2
43 70 1
43 71 1
43 72 3
43 73 5
43 74 5
43 75 4
43 76 1
43 77 1
43 78 5
43 79 1
43 80 2
43 81 5
43 82 3
43 83 3
43 84 3
43 85 3
43 86 1
43 87 5
43 88 4
43 89 4
43 90 2
43 91 4
43 92 1
43 93 5
43 94 5
43 95 5
43 96 2
43 97 5
43 98 3
43 99 3
43 100 2
44 45 3
44 46 2
44 47 5
44 48 2
44 49 1
44 50 5
44 51 1
44 52 2
44 53 1
44 54 1
44 55 3
44 56 2
44 57 4
44 58 2
44 59 3
44 60 1
44 61 1
44 62 2
44 63 1
44 64 1
44 65 2
44 66 4
44 67 5
44 68 4
44 69 3
44 70 1
44 71 5
44 72 5
44 73 4
44 74 4
44 75 3
44 76 3
44 77 1
44 78 1
44 79 5
44 80 3
44 81 2
44 82 3
44 83 4
44 84 4
44 85 5
44 86 5
44 87 2
44 88 5
44 89 1
44 90 2
44 91 2
44 92 3
44 93 1
44 94 3
44 95 3
44 96 4
44 97 2
44 98 3
44 99 5
44 100 4
45 46 1
45 47 5
45 48 5
45 49 1
45 50 3
45 51 3
45 52 4
45 53 1
45 54 1
45 55 3
45 56 4
45 57 2
45 58 4
45 59 4
45 60 4
45 61 1
45 62 4
45 63 4
45 64 1
45 65 5
45 66 1
45 67 2
45 68 5
45 69 1
45 70 5
45 71 2
45 72 4
45 73 2
45 74 1
45 75 2
45 76 4
45 77 5
45 78 5
45 79 4
45 80 4
45 81 4
45 82 4
45 83 3
45 84 2
45 85 3
45 86 2
45 87 4
45 88 5
45 89 3
45 90 5
45 91 2
45 92 4
45 93 5
45 94 1
45 95 3
45 96 2
45 97 4
45 98 2
45 99 3
45 100 3
46 47 5
46 48 2
46 49 5
46 50 3
46 51 4
46 52 3
46 53 1
46 54 5
46 55 4
46 56 1
46 57 2
46 58 1
46 59 1
46 60 2
46 61 4
46 62 5
46 63 2
46 64 2
46 65 5
46 66 2
46 67 3
46 68 5
46 69 2
46 70 2
46 71 5
46 72 3
46 73 2
46 74 3
46 75 3
46 76 3
46 77 1
46 78 5
46 79 2
46 80 5
46 81 4
46 82 5
46 83 3
46 84 3
46 85 3
46 86 2
46 87 5
46 88 2
46 89 1
46 90 1
46 91 2
46 92 3
46 93 5
46 94 2
46 95 4
46 96 3
46 97 3
46 98 4
46 99 4
46 100 1
47 48 1
47 49 5
47 50 5
47 51 5
47 52 4
47 53 5
47 54 3
47 55 5
47 56 4
47 57 2
47 58 5
47 59 2
47 60 4
47 61 2
47 62 1
47 63 5
47 64 4
47 65 4
47 66 4
47 67 5
47 68 1
47 69 2
47 70 1
47 71 4
47 72 1
47 73 2
47 74 4
47 75 4
47 76 1
47 77 5
47 78 4
47 79 1
47 80 2
47 81 3
47 82 1
47 83 1
47 84 1
47 85 1
47 86 1
47 87 5
47 88 4
47 89 3
47 90 5
47 91 3
47 92 1
47 93 4
47 94 1
47 95 1
47 96 5
47 97 1
47 98 5
47 99 1
47 100 4
48 49 5
48 50 2
48 51 3
48 52 1
48 53 4
48 54 2
48 55 3
48 56 5
48 57 4
48 58 5
48 59 3
48 60 1
48 61 1
48 62 2
48 63 3
48 64 3
48 65 2
48 66 4
48 67 4
48 68 5
48 69 3
48 70 1
48 71 2
48 72 1
48 73 3
48 74 5
48 75 2
48 76 1
48 77 4
48 78 1
48 79 4
48 80 1
48 81 3
48 82 1
48 83 2
48 84 5
48 85 4
48 86 5
48 87 1
48 88 5
48 89 5
48 90 4
48 91 4
48 92 5
48 93 2
48 94 2
48 95 5
48 96 5
48 97 4
48 98 1
48 99 5
48 100 3
49 50 1
49 51 2
49 52 5
49 53 3
49 54 2
49 55 3
49 56 2
49 57 4
49 58 3
49 59 2
49 60 3
49 61 3
49 62 3
49 63 4
49 64 1
49 65 3
49 66 1
49 67 5
49 68 1
49 69 1
49 70 4
49 71 4
49 72 4
49 73 2
49 74 5
49 75 1
49 76 5
49 77 5
49 78 1
49 79 2
49 80 1
49 81 1
49 82 1
49 83 3
49 84 2
49 85 4
49 86 5
49 87 1
49 88 3
49 89 3
49 90 4
49 91 2
49 92 2
49 93 1
49 94 4
49 95 2
49 96 2
49 97 3
49 98 2
49 99 1
49 100 4
50 51 1
50 52 4
50 53 5
50 54 1
50 55 5
50 56 3
50 57 2
50 58 2
50 59 5
50 60 2
50 61 1
50 62 2
50 63 5
50 64 3
50 65 5
50 66 5
50 67 1
50 68 2
50 69 2
50 70 3
50 71 4
50 72 2
50 73 2
50 74 5
50 75 1
50 76 2
50 77 2
50 78 1
50 79 5
50 80 1
50 81 4
50 82 3
50 83 2
50 84 4
50 85 5
50 86 5
50 87 1
50 88 3
50 89 1
50 90 1
50 91 1
50 92 3
50 93 3
50 94 2
50 95 2
50 96 5
50 97 4
50 98 4
50 99 4
50 100 1
51 52 2
51 53 2
51 54 4
51 55 5
51 56 3
51 57 5
51 58 3
51 59 1
51 60 4
51 61 5
51 62 4
51 63 2
51 64 2
51 65 4
51 66 3
51 67 1
51 68 3
51 69 2
51 70 1
51 71 5
51 72 5
51 73 2
51 74 3
51 75 2
51 76 2
51 77 5
51 78 5
51 79 1
51 80 3
51 81 1
51 82 5
51 83 1
51 84 4
51 85 1
51 86 3
51 87 5
51 88 4
51 89 2
51 90 5
51 91 1
51 92 1
51 93 2
51 94 3
51 95 4
51 96 3
51 97 3
51 98 1
51 99 4
51 100 2
52 53 5
52 54 5
52 55 4
52 56 4
52 57 3
52 58 3
52 59 2
52 60 1
52 61 5
52 62 4
52 63 3
52 64 4
52 65 2
52 66 1
52 67 4
52 68 3
52 69 3
52 70 3
52 71 4
52 72 2
52 73 1
52 74 5
52 75 2
52 76 3
52 77 5
52 78 4
52 79 5
52 80 2
52 81 3
52 82 4
52 83 3
52 84 1
52 85 1
52 86 1
52 87 2
52 88 5
52 89 5
52 90 5
52 91 5
52 92 4
52 93 2
52 94 3
52 95 2
52 96 4
52 97 1
52 98 3
52 99 3
52 100 4
53 54 4
53 55 2
53 56 3
53 57 1
53 58 4
53 59 5
53 60 5
53 61 1
53 62 2
53 63 2
53 64 2
53 65 3
53 66 3
53 67 2
53 68 3
53 69 1
53 70 1
53 71 3
53 72 4
53 73 5
53 74 5
53 75 1
53 76 3
53 77 1
53 78 3
53 79 1
53 80 4
53 81 3
53 82 3
53 83 2
53 84 4
53 85 5
53 86 3
53 87 5
53 88 2
53 89 5
53 90 4
53 91 3
53 92 1
53 93 1
53 94 1
53 95 1
53 96 1
53 97 5
53 98 5
53 99 5
53 100 2
54 55 4
54 56 4
54 57 3
54 58 3
54 59 4
54 60 1
54 61 1
54 62 4
54 63 3
54 64 4
54 65 5
54 66 1
54 67 1
54 68 5
54 69 1
54 70 5
54 71 3
54 72 5
54 73 1
54 74 3
54 75 4
54 76 4
54 77 1
54 78 3
54 79 2
54 80 3
54 81 1
54 82 2
54 83 2
54 84 2
54 85 2
54 86 5
54 87 5
54 88 5
54 89 3
54 90 4
54 91 4
54 92 4
54 93 2
54 94 2
54 95 3
54 96 5
54 97 1
54 98 4
54 99 4
54 100 5
55 56 2
55 57 2
55 58 4
55 59 4
55 60 3
55 61 2
55 62 5
55 63 4
55 64 2
55 65 5
55 66 3
55 67 5
55 68 5
55 69 5
55 70 4
55 71 2
55 72 3
55 73 5
55 74 5
55 75 2
55 76 5
55 77 5
55 78 3
55 79 1
55 80 2
55 81 1
55 82 1
55 83 2
55 84 1
55 85 2
55 86 1
55 87 3
55 88 1
55 89 1
55 90 4
55 91 5
55 92 4
55 93 5
55 94 4
55 95 2
55 96 2
55 97 2
55 98 4
55 99 4
55 100 2
56 57 4
56 58 5
56 59 1
56 60 5
56 61 2
56 62 5
56 63 2
56 64 5
56 65 4
56 66 5
56 67 4
56 68 5
56 69 4
56 70 1
56 71 1
56 72 5
56 73 2
56 74 5
56 75 5
56 76 5
56 77 5
56 78 5
56 79 4
56 80 3
56 81 4
56 82 2
56 83 1
56 84 3
56 85 2
56 86 5
56 87 4
56 88 1
56 89 1
56 90 2
56 91 4
56 92 3
56 93 1
56 94 4
56 95 4
56 96 3
56 97 2
56 98 3
56 99 4
56 100 3
57 58 4
57 59 5
57 60 4
57 61 1
57 62 2
57 63 2
57 64 5
57 65 2
57 66 4
57 67 2
57 68 5
57 69 4
57 70 2
57 71 2
57 72 2
57 73 2
57 74 4
57 75 3
57 76 4
57 77 2
57 78 5
57 79 4
57 80 1
57 81 2
57 82 1
57 83 4
57 84 1
57 85 4
57 86 3
57 87 2
57 88 1
57 89 2
57 90 1
57 91 1
57 92 1
57 93 2
57 94 5
57 95 4
57 96 2
57 97 4
57 98 1
57 99 5
57 100 5
58 59 4
58 60 5
58 61 2
58 62 4
58 63 3
58 64 2
58 65 4
58 66 1
58 67 1
58 68 2
58 69 5
58 70 4
58 71 5
58 72 2
58 73 2
58 74 5
58 75 3
58 76 3
58 77 1
58 78 2
58 79 1
58 80 5
58 81 4
58 82 2
58 83 2
58 84 4
58 85 2
58 86 1
58 87 4
58 88 4
58 89 1
58 90 5
58 91 2
58 92 2
58 93 1
58 94 3
58 95 2
58 96 3
58 97 4
58 98 1
58 99 3
58 100 3
59 60 1
59 61 2
59 62 5
59 63 4
59 64 2
59 65 2
59 66 4
59 67 5
59 68 3
59 69 4
59 70 5
59 71 4
59 72 2
59 73 2
59 74 4
59 75 1
59 76 3
59 77 2
59 78 2
59 79 5
59 80 2
59 81 1
59 82 2
59 83 3
59 84 2
59 85 2
59 86 5
59 87 4
59 88 5
59 89 3
59 90 5
59 91 3
59 92 4
59 93 1
59 94 5
59 95 5
59 96 5
59 97 3
59 98 1
59 99 3
59 100 2
60 61 5
60 62 4
60 63 4
60 64 1
60 65 1
60 66 1
60 67 4
60 68 5
60 69 2
60 70 4
60 71 2
60 72 2
60 73 2
60 74 4
60 75 2
60 76 3
60 77 4
60 78 4
60 79 4
60 80 4
60 81 2
60 82 2
60 83 2
60 84 5
60 85 3
60 86 3
60 87 1
60 88 2
60 89 4
60 90 2
60 91 2
60 92 2
60 93 2
60 94 5
60 95 1
60 96 3
60 97 5
60 98 4
60 99 2
60 100 1
61 62 4
61 63 1
61 64 3
61 65 5
61 66 5
61 67 5
61 68 3
61 69 5
61 70 5
61 71 4
61 72 4
61 73 2
61 74 2
61 75 2
61 76 2
61 77 3
61 78 2
61 79 1
61 80 1
61 81 4
61 82 1
61 83 2
61 84 3
61 85 3
61 86 2
61 87 4
61 88 3
61 89 3
61 90 4
61 91 1
61 92 5
61 93 3
61 94 1
61 95 1
61 96 4
61 97 5
61 98 1
61 99 2
61 100 1
62 63 1
62 64 1
62 65 4
62 66 1
62 67 3
62 68 1
62 69 2
62 70 4
62 71 5
62 72 4
62 73 2
62 74 1
62 75 1
62 76 1
62 77 5
62 78 2
62 79 1
62 80 5
62 81 1
62 82 1
62 83 2
62 84 1
62 85 3
62 86 3
62 87 4
62 88 3
62 89 2
62 90 2
62 91 3
62 92 1
62 93 1
62 94 1
62 95 3
62 96 4
62 97 1
62 98 1
62 99 3
62 100 2
63 64 1
63 65 3
63 66 4
63 67 3
63 68 3
63 69 5
63 70 2
63 71 4
63 72 2
63 73 2
63 74 3
63 75 3
63 76 4
63 77 4
63 78 2
63 79 4
63 80 3
63 81 1
63 82 5
63 83 5
63 84 4
63 85 2
63 86 5
63 87 4
63 88 3
63 89 1
63 90 5
63 91 3
63 92 2
63 93 3
63 94 2
63 95 4
63 96 4
63 97 3
63 98 4
63 99 5
63 100 3
64 65 4
64 66 1
64 67 2
64 68 1
64 69 1
64 70 4
64 71 3
64 72 1
64 73 3
64 74 5
64 75 4
64 76 3
64 77 5
64 78 4
64 79 1
64 80 5
64 81 4
64 82 3
64 83 2
64 84 4
64 85 2
64 86 4
64 87 3
64 88 5
64 89 5
64 90 2
64 91 1
64 92 5
64 93 2
64 94 4
64 95 1
64 96 2
64 97 1
64 98 3
64 99 5
64 100 1
65 66 1
65 67 5
65 68 1
65 69 2
65 70 5
65 71 3
65 72 5
65 73 2
65 74 5
65 75 2
65 76 5
65 77 4
65 78 4
65 79 2
65 80 3
65 81 2
65 82 2
65 83 4
65 84 1
65 85 5
65 86 3
65 87 1
65 88 1
65 89 5
65 90 1
65 91 4
65 92 3
65 93 1
65 94 5
65 95 1
65 96 1
65 97 4
65 98 4
65 99 2
65 100 3
66 67 2
66 68 5
66 69 3
66 70 2
66 71 4
66 72 2
66 73 4
66 74 5
66 75 4
66 76 5
66 77 5
66 78 1
66 79 3
66 80 3
66 81 1
66 82 3
66 83 4
66 84 2
66 85 4
66 86 3
66 87 1
66 88 1
66 89 1
66 90 2
66 91 5
66 92 5
66 93 4
66 94 3
66 95 3
66 96 1
66 97 2
66 98 4
66 99 1
66 100 5
67 68 2
67 69 5
67 70 4
67 71 3
67 72 1
67 73 3
67 74 2
67 75 4
67 76 2
67 77 5
67 78 4
67 79 2
67 80 2
67 81 3
67 82 1
67 83 2
67 84 1
67 85 3
67 86 3
67 87 5
67 88 3
67 89 5
67 90 5
67 91 4
67 92 5
67 93 2
67 94 1
67 95 3
67 96 3
67 97 4
67 98 5
67 99 3
67 100 5
68 69 3
68 70 4
68 71 2
68 72 4
68 73 4
68 74 5
68 75 4
68 76 5
68 77 4
68 78 3
68 79 5
68 80 2
68 81 5
68 82 5
68 83 3
68 84 3
68 85 2
68 86 5
68 87 2
68 88 4
68 89 5
68 90 1
68 91 3
68 92 2
68 93 3
68 94 3
68 95 5
68 96 5
68 97 2
68 98 2
68 99 1
68 100 5
69 70 4
69 71 1
69 72 5
69 73 4
69 74 2
69 75 3
69 76 3
69 77 5
69 78 2
69 79 3
69 80 4
69 81 2
69 82 1
69 83 3
69 84 5
69 85 1
69 86 2
69 87 5
69 88 4
69 89 5
69 90 4
69 91 4
69 92 4
69 93 2
69 94 1
69 95 2
69 96 4
69 97 4
69 98 2
69 99 1
69 100 4
70 71 3
70 72 4
70 73 5
70 74 4
70 75 1
70 76 1
70 77 3
70 78 5
70 79 2
70 80 3
70 81 1
70 82 4
70 83 4
70 84 4
70 85 1
70 86 2
70 87 1
70 88 2
70 89 4
70 90 3
70 91 5
70 92 5
70 93 3
70 94 5
70 95 2
70 96 4
70 97 5
70 98 1
70 99 4
70 100 1
71 72 3
71 73 4
71 74 5
71 75 2
71 76 3
71 77 4
71 78 5
71 79 2
71 80 2
71 81 4
71 82 5
71 83 3
71 84 4
71 85 4
71 86 3
71 87 5
71 88 1
71 89 3
71 90 3
71 91 3
71 92 5
71 93 1
71 94 5
71 95 4
71 96 5
71 97 5
71 98 1
71 99 4
71 100 2
72 73 5
72 74 4
72 75 5
72 76 3
72 77 4
72 78 4
72 79 5
72 80 4
72 81 1
72 82 1
72 83 2
72 84 1
72 85 4
72 86 2
72 87 2
72 88 2
72 89 4
72 90 2
72 91 4
72 92 2
72 93 3
72 94 3
72 95 4
72 96 4
72 97 2
72 98 5
72 99 1
72 100 2
73 74 4
73 75 3
73 76 2
73 77 1
73 78 3
73 79 4
73 80 1
73 81 1
73 82 3
73 83 1
73 84 1
73 85 2
73 86 2
73 87 3
73 88 5
73 89 3
73 90 1
73 91 1
73 92 1
73 93 2
73 94 1
73 95 5
73 96 1
73 97 5
73 98 2
73 99 5
73 100 2
74 75 3
74 76 4
74 77 3
74 78 5
74 79 3
74 80 4
74 81 1
74 82 4
74 83 3
74 84 5
74 85 5
74 86 4
74 87 4
74 88 5
74 89 1
74 90 2
74 91 4
74 92 3
74 93 5
74 94 5
74 95 5
74 96 1
74 97 5
74 98 1
74 99 5
74 100 1
75 76 4
75 77 4
75 78 1
75 79 2
75 80 3
75 81 2
75 82 5
75 83 2
75 84 4
75 85 2
75 86 2
75 87 1
75 88 3
75 89 3
75 90 2
75 91 1
75 92 2
75 93 5
75 94 5
75 95 4
75 96 1
75 97 5
75 98 5
75 99 2
75 100 1
76 77 3
76 78 2
76 79 1
76 80 4
76 81 4
76 82 3
76 83 3
76 84 2
76 85 2
76 86 4
76 87 5
76 88 1
76 89 5
76 90 2
76 91 2
76 92 5
76 93 4
76 94 5
76 95 2
76 96 3
76 97 4
76 98 2
76 99 2
76 100 3
77 78 5
77 79 5
77 80 1
77 81 4
77 82 4
77 83 2
77 84 3
77 85 5
77 86 3
77 87 5
77 88 4
77 89 2
77 90 5
77 91 1
77 92 3
77 93 4
77 94 1
77 95 4
77 96 5
77 97 2
77 98 3
77 99 2
77 100 4
78 79 3
78 80 4
78 81 1
78 82 2
78 83 2
78 84 5
78 85 1
78 86 1
78 87 1
78 88 2
78 89 1
78 90 3
78 91 1
78 92 4
78 93 5
78 94 3
78 95 2
78 96 2
78 97 1
78 98 3
78 99 5
78 100 4
79 80 5
79 81 4
79 82 3
79 83 1
79 84 5
79 85 1
79 86 3
79 87 1
79 88 2
79 89 2
79 90 3
79 91 2
79 92 5
79 93 3
79 94 2
79 95 1
79 96 3
79 97 4
79 98 1
79 99 2
79 100 4
80 81 1
80 82 1
80 83 3
80 84 1
80 85 2
80 86 1
80 87 1
80 88 4
80 89 1
80 90 3
80 91 2
80 92 5
80 93 2
80 94 4
80 95 4
80 96 2
80 97 4
80 98 2
80 99 4
80 100 4
81 82 2
81 83 1
81 84 5
81 85 1
81 86 4
81 87 4
81 88 3
81 89 5
81 90 2
81 91 1
81 92 5
81 93 1
81 94 5
81 95 4
81 96 3
81 97 4
81 98 2
81 99 3
81 100 3
82 83 3
82 84 3
82 85 4
82 86 5
82 87 5
82 88 1
82 89 2
82 90 5
82 91 2
82 92 1
82 93 3
82 94 1
82 95 2
82 96 3
82 97 1
82 98 2
82 99 1
82 100 1
83 84 2
83 85 5
83 86 2
83 87 4
83 88 3
83 89 3
83 90 2
83 91 2
83 92 2
83 93 5
83 94 3
83 95 1
83 96 3
83 97 2
83 98 1
83 99 4
83 100 5
84 85 2
84 86 3
84 87 1
84 88 1
84 89 2
84 90 4
84 91 5
84 92 3
84 93 5
84 94 4
84 95 4
84 96 2
84 97 5
84 98 3
84 99 4
84 100 5
85 86 2
85 87 4
85 88 4
85 89 4
85 90 3
85 91 3
85 92 3
85 93 1
85 94 4
85 95 5
85 96 5
85 97 4
85 98 1
85 99 1
85 100 4
86 87 4
86 88 3
86 89 2
86 90 2
86 91 4
86 92 2
86 93 2
86 94 3
86 95 3
86 96 3
86 97 5
86 98 1
86 99 5
86 100 4
87 88 3
87 89 3
87 90 1
87 91 4
87 92 3
87 93 4
87 94 2
87 95 1
87 96 1
87 97 2
87 98 5
87 99 2
87 100 2
88 89 4
88 90 3
88 91 2
88 92 2
88 93 4
88 94 1
88 95 5
88 96 5
88 97 3
88 98 3
88 99 5
88 100 1
89 90 5
89 91 5
89 92 3
89 93 1
89 94 1
89 95 1
89 96 4
89 97 2
89 98 5
89 99 2
89 100 1
90 91 5
90 92 1
90 93 1
90 94 4
90 95 4
90 96 1
90 97 3
90 98 5
90 99 2
90 100 4
91 92 3
91 93 3
91 94 2
91 95 5
91 96 4
91 97 4
91 98 2
91 99 2
91 100 4
92 93 3
92 94 4
92 95 1
92 96 2
92 97 5
92 98 3
92 99 4
92 100 4
93 94 3
93 95 3
93 96 2
93 97 1
93 98 5
93 99 2
93 100 1
94 95 1
94 96 2
94 97 5
94 98 5
94 99 5
94 100 3
95 96 3
95 97 2
95 98 4
95 99 4
95 100 5
96 97 2
96 98 3
96 99 5
96 100 4
97 98 5
97 99 3
97 100 1
98 99 4
98 100 4
99 100 5
