100 4950
1 2 4
1 3 3
1 4 5
1 5 4
1 6 3
1 7 1
1 8 4
1 9 5
1 10 1
1 11 5
1 12 2
1 13 3
1 14 3
1 15 4
1 16 3
1 17 5
1 18 1
1 19 5
1 20 1
1 21 4
1 22 4
1 23 4
1 24 4
1 25 1
1 26 1
1 27 5
1 28 2
1 29 1
1 30 5
1 31 4
1 32 3
1 33 1
1 34 1
1 35 1
1 36 3
1 37 1
1 38 5
1 39 1
1 40 3
1 41 1
1 42 5
1 43 2
1 44 1
1 45 5
1 46 4
1 47 3
1 48 4
1 49 4
1 50 5
1 51 3
1 52 5
1 53 4
1 54 1
1 55 2
1 56 1
1 57 1
1 58 1
1 59 2
1 60 4
1 61 2
1 62 3
1 63 3
1 64 4
1 65 4
1 66 3
1 67 1
1 68 3
1 69 1
1 70 5
1 71 5
1 72 1
1 73 5
1 74 1
1 75 1
1 76 1
1 77 3
1 78 4
1 79 3
1 80 2
1 81 1
1 82 4
1 83 3
1 84 3
1 85 2
1 86 4
1 87 3
1 88 1
1 89 3
1 90 2
1 91 5
1 92 1
1 93 5
1 94 1
1 95 4
1 96 1
1 97 1
1 98 1
1 99 3
1 100 2
2 3 1
2 4 2
2 5 5
2 6 3
2 7 1
2 8 2
2 9 1
2 10 3
2 11 4
2 12 5
2 13 5
2 14 2
2 15 3
2 16 5
2 17 2
2 18 5
2 19 4
2 20 2
2 21 2
2 22 5
2 23 2
2 24 2
2 25 5
2 26 5
2 27 3
2 28 2
2 29 2
2 30 1
2 31 2
2 32 5
2 33 5
2 34 2
2 35 4
2 36 1
2 37 1
2 38 4
2 39 5
2 40 1
2 41 2
2 42 1
2 43 2
2 44 5
2 45 2
2 46 3
2 47 4
2 48 4
2 49 3
2 50 4
2 51 1
2 52 5
2 53 1
2 54 4
2 55 1
2 56 2
2 57 3
2 58 4
2 59 3
2 60 5
2 61 2
2 62 5
2 63 1
2 64 1
2 65 3
2 66 3
2 67 2
2 68 5
2 69 2
2 70 4
2 71 1
2 72 2
2 73 4
2 74 5
2 75 4
2 76 2
2 77 2
2 78 2
2 79 5
2 80 1
2 81 1
2 82 3
2 83 5
2 84 3
2 85 5
2 86 1
2 87 1
2 88 4
2 89 5
2 90 3
2 91 3
2 92 4
2 93 1
2 94 4
2 95 2
2 96 5
2 97 2
2 98 2
2 99 2
2 100 2
3 4 1
3 5 3
3 6 2
3 7 2
3 8 5
3 9 1
3 10 4
3 11 3
3 12 4
3 13 1
3 14 3
3 15 2
3 16 4
3 17 3
3 18 2
3 19 2
3 20 1
3 21 1
3 22 3
3 23 5
3 24 3
3 25 2
3 26 2
3 27 3
3 28 3
3 29 5
3 30 1
3 31 4
3 32 4
3 33 2
3 34 4
3 35 5
3 36 4
3 37 4
3 38 2
3 39 1
3 40 1
3 41 4
3 42 4
3 43 3
3 44 2
3 45 3
3 46 3
3 47 2
3 48 3
3 49 5
3 50 5
3 51 4
3 52 5
3 53 5
3 54 2
3 55 1
3 56 1
3 57 3
3 58 2
3 59 4
3 60 4
3 61 3
3 62 1
3 63 3
3 64 2
3 65 3
3 66 2
3 67 4
3 68 5
3 69 5
3 70 3
3 71 2
3 72 4
3 73 3
3 74 4
3 75 2
3 76 1
3 77 4
3 78 5
3 79 4
3 80 3
3 81 5
3 82 4
3 83 1
3 84 1
3 85 2
3 86 5
3 87 1
3 88 1
3 89 3
3 90 4
3 91 5
3 92 4
3 93 2
3 94 5
3 95 3
3 96 5
3 97 5
3 98 1
3 99 1
3 100 5
4 5 5
4 6 2
4 7 4
4 8 1
4 9 3
4 10 1
4 11 4
4 12 5
4 13 5
4 14 4
4 15 4
4 16 2
4 17 2
4 18 1
4 19 3
4 20 3
4 21 3
4 22 1
4 23 2
4 24 4
4 25 1
4 26 5
4 27 2
4 28 2
4 29 4
4 30 1
4 31 3
4 32 2
4 33 3
4 34 5
4 35 4
4 36 2
4 37 5
4 38 5
4 39 4
4 40 3
4 41 1
4 42 4
4 43 5
4 44 4
4 45 5
4 46 3
4 47 3
4 48 4
4 49 2
4 50 3
4 51 4
4 52 3
4 53 1
4 54 4
4 55 3
4 56 4
4 57 5
4 58 1
4 59 4
4 60 1
4 61 3
4 62 5
4 63 4
4 64 2
4 65 4
4 66 2
4 67 1
4 68 4
4 69 5
4 70 2
4 71 5
4 72 4
4 73 3
4 74 2
4 75 3
4 76 1
4 77 5
4 78 5
4 79 1
4 80 1
4 81 2
4 82 5
4 83 3
4 84 5
4 85 3
4 86 2
4 87 1
4 88 4
4 89 5
4 90 5
4 91 5
4 92 2
4 93 3
4 94 3
4 95 5
4 96 2
4 97 2
4 98 3
4 99 5
4 100 2
5 6 3
5 7 5
5 8 3
5 9 2
5 10 4
5 11 3
5 12 4
5 13 4
5 14 4
5 15 2
5 16 1
5 17 3
5 18 5
5 19 3
5 20 1
5 21 4
5 22 5
5 23 4
5 24 2
5 25 1
5 26 3
5 27 1
5 28 4
5 29 5
5 30 5
5 31 3
5 32 1
5 33 4
5 34 5
5 35 5
5 36 5
5 37 5
5 38 5
5 39 5
5 40 5
5 41 5
5 42 3
5 43 2
5 44 5
5 45 3
5 46 2
5 47 1
5 48 1
5 49 4
5 50 4
5 51 4
5 52 4
5 53 2
5 54 1
5 55 3
5 56 4
5 57 3
5 58 5
5 59 1
5 60 2
5 61 1
5 62 1
5 63 4
5 64 5
5 65 3
5 66 3
5 67 3
5 68 2
5 69 2
5 70 4
5 71 4
5 72 2
5 73 2
5 74 2
5 75 4
5 76 3
5 77 5
5 78 4
5 79 3
5 80 2
5 81 2
5 82 5
5 83 3
5 84 2
5 85 5
5 86 1
5 87 4
5 88 2
5 89 2
5 90 3
5 91 5
5 92 3
5 93 3
5 94 5
5 95 2
5 96 2
5 97 1
5 98 4
5 99 5
5 100 1
6 7 1
6 8 5
6 9 1
6 10 2
6 11 4
6 12 3
6 13 5
6 14 1
6 15 4
6 16 1
6 17 1
6 18 1
6 19 4
6 20 2
6 21 2
6 22 4
6 23 1
6 24 4
6 25 3
6 26 2
6 27 4
6 28 1
6 29 4
6 30 1
6 31 5
6 32 1
6 33 5
6 34 2
6 35 2
6 36 5
6 37 5
6 38 4
6 39 2
6 40 4
6 41 3
6 42 2
6 43 3
6 44 4
6 45 5
6 46 4
6 47 5
6 48 2
6 49 2
6 50 4
6 51 1
6 52 2
6 53 1
6 54 1
6 55 2
6 56 4
6 57 2
6 58 2
6 59 4
6 60 3
6 61 3
6 62 4
6 63 1
6 64 5
6 65 1
6 66 1
6 67 4
6 68 2
6 69 2
6 70 2
6 71 1
6 72 4
6 73 5
6 74 5
6 75 2
6 76 2
6 77 5
6 78 3
6 79 5
6 80 1
6 81 2
6 82 4
6 83 5
6 84 5
6 85 4
6 86 3
6 87 5
6 88 5
6 89 4
6 90 4
6 91 3
6 92 3
6 93 2
6 94 3
6 95 3
6 96 3
6 97 4
6 98 5
6 99 3
6 100 3
7 8 4
7 9 5
7 10 4
7 11 2
7 12 2
7 13 4
7 14 5
7 15 5
7 16 2
7 17 2
7 18 4
7 19 2
7 20 3
7 21 5
7 22 4
7 23 2
7 24 1
7 25 3
7 26 1
7 27 1
7 28 3
7 29 2
7 30 2
7 31 3
7 32 4
7 33 1
7 34 4
7 35 4
7 36 4
7 37 4
7 38 3
7 39 3
7 40 5
7 41 1
7 42 2
7 43 2
7 44 4
7 45 4
7 46 5
7 47 1
7 48 1
7 49 4
7 50 2
7 51 3
7 52 5
7 53 5
7 54 5
7 55 5
7 56 5
7 57 1
7 58 3
7 59 1
7 60 1
7 61 3
7 62 3
7 63 2
7 64 2
7 65 3
7 66 2
7 67 1
7 68 3
7 69 3
7 70 2
7 71 2
7 72 2
7 73 5
7 74 3
7 75 4
7 76 4
7 77 3
7 78 3
7 79 2
7 80 5
7 81 5
7 82 1
7 83 2
7 84 5
7 85 1
7 86 2
7 87 1
7 88 1
7 89 1
7 90 1
7 91 4
7 92 3
7 93 3
7 94 3
7 95 2
7 96 3
7 97 1
7 98 2
7 99 5
7 100 5
8 9 2
8 10 4
8 11 3
8 12 1
8 13 4
8 14 2
8 15 5
8 16 2
8 17 5
8 18 3
8 19 2
8 20 1
8 21 5
8 22 1
8 23 3
8 24 2
8 25 3
8 26 4
8 27 5
8 28 3
8 29 2
8 30 3
8 31 2
8 32 1
8 33 5
8 34 5
8 35 2
8 36 5
8 37 1
8 38 4
8 39 2
8 40 3
8 41 5
8 42 1
8 43 4
8 44 4
8 45 1
8 46 3
8 47 4
8 48 3
8 49 4
8 50 2
8 51 3
8 52 3
8 53 1
8 54 1
8 55 3
8 56 5
8 57 2
8 58 5
8 59 1
8 60 3
8 61 1
8 62 2
8 63 5
8 64 2
8 65 2
8 66 4
8 67 4
8 68 1
8 69 2
8 70 2
8 71 2
8 72 2
8 73 2
8 74 1
8 75 5
8 76 3
8 77 3
8 78 4
8 79 3
8 80 5
8 81 5
8 82 1
8 83 2
8 84 4
8 85 2
8 86 2
8 87 4
8 88 5
8 89 5
8 90 5
8 91 5
8 92 5
8 93 5
8 94 2
8 95 1
8 96 4
8 97 3
8 98 5
8 99 1
8 100 2
9 10 3
9 11 2
9 12 4
9 13 5
9 14 3
9 15 5
9 16 2
9 17 2
9 18 4
9 19 2
9 20 1
9 21 5
9 22 5
9 23 1
9 24 1
9 25 5
9 26 1
9 27 3
9 28 1
9 29 2
9 30 4
9 31 4
9 32 4
9 33 2
9 34 5
9 35 2
9 36 1
9 37 1
9 38 2
9 39 1
9 40 3
9 41 2
9 42 2
9 43 4
9 44 4
9 45 2
9 46 4
9 47 1
9 48 3
9 49 2
9 50 3
9 51 4
9 52 3
9 53 5
9 54 3
9 55 1
9 56 4
9 57 2
9 58 3
9 59 4
9 60 4
9 61 5
9 62 2
9 63 2
9 64 3
9 65 1
9 66 2
9 67 1
9 68 1
9 69 2
9 70 1
9 71 1
9 72 4
9 73 2
9 74 4
9 75 3
9 76 4
9 77 5
9 78 5
9 79 3
9 80 2
9 81 2
9 82 5
9 83 5
9 84 2
9 85 1
9 86 3
9 87 2
9 88 1
9 89 5
9 90 5
9 91 4
9 92 2
9 93 4
9 94 1
9 95 4
9 96 5
9 97 3
9 98 5
9 99 3
9 100 5
10 11 3
10 12 3
10 13 1
10 14 5
10 15 4
10 16 5
10 17 1
10 18 5
10 19 5
10 20 4
10 21 5
10 22 5
10 23 2
10 24 1
10 25 2
10 26 1
10 27 1
10 28 5
10 29 3
10 30 1
10 31 2
10 32 2
10 33 1
10 34 1
10 35 1
10 36 1
10 37 5
10 38 5
10 39 3
10 40 5
10 41 5
10 42 3
10 43 5
10 44 3
10 45 3
10 46 2
10 47 2
10 48 3
10 49 4
10 50 1
10 51 1
10 52 5
10 53 1
10 54 4
10 55 1
10 56 2
10 57 4
10 58 5
10 59 1
10 60 5
10 61 5
10 62 3
10 63 4
10 64 2
10 65 3
10 66 2
10 67 2
10 68 5
10 69 3
10 70 4
10 71 5
10 72 1
10 73 2
10 74 1
10 75 2
10 76 2
10 77 3
10 78 2
10 79 2
10 80 2
10 81 2
10 82 3
10 83 4
10 84 3
10 85 5
10 86 5
10 87 2
10 88 2
10 89 1
10 90 2
10 91 4
10 92 2
10 93 4
10 94 1
10 95 5
10 96 5
10 97 3
10 98 2
10 99 4
10 100 3
11 12 2
11 13 1
11 14 4
11 15 2
11 16 1
11 17 4
11 18 1
11 19 5
11 20 4
11 21 3
11 22 3
11 23 5
11 24 1
11 25 5
11 26 2
11 27 4
11 28 3
11 29 5
11 30 4
11 31 4
11 32 2
11 33 3
11 34 1
11 35 2
11 36 2
11 37 4
11 38 5
11 39 1
11 40 3
11 41 2
11 42 2
11 43 1
11 44 2
11 45 4
11 46 5
11 47 5
11 48 1
11 49 2
11 50 5
11 51 1
11 52 4
11 53 3
11 54 3
11 55 2
11 56 5
11 57 1
11 58 5
11 59 5
11 60 3
11 61 4
11 62 5
11 63 5
11 64 1
11 65 5
11 66 1
11 67 3
11 68 3
11 69 5
11 70 5
11 71 3
11 72 3
11 73 4
11 74 2
11 75 5
11 76 5
11 77 1
11 78 4
11 79 5
11 80 1
11 81 5
11 82 5
11 83 3
11 84 1
11 85 1
11 86 3
11 87 3
11 88 1
11 89 3
11 90 3
11 91 5
11 92 5
11 93 4
11 94 4
11 95 4
11 96 5
11 97 5
11 98 3
11 99 3
11 100 2
12 13 4
12 14 2
12 15 5
12 16 3
12 17 5
12 18 3
12 19 2
12 20 4
12 21 1
12 22 5
12 23 5
12 24 2
12 25 2
12 26 1
12 27 2
12 28 4
12 29 4
12 30 3
12 31 4
12 32 3
12 33 2
12 34 3
12 35 4
12 36 2
12 37 5
12 38 3
12 39 5
12 40 5
12 41 5
12 42 4
12 43 3
12 44 5
12 45 5
12 46 5
12 47 2
12 48 5
12 49 1
12 50 2
12 51 4
12 52 3
12 53 5
12 54 2
12 55 4
12 56 4
12 57 5
12 58 1
12 59 4
12 60 5
12 61 4
12 62 2
12 63 2
12 64 3
12 65 2
12 66 4
12 67 3
12 68 4
12 69 4
12 70 5
12 71 5
12 72 2
12 73 2
12 74 5
12 75 4
12 76 1
12 77 1
12 78 5
12 79 4
12 80 4
12 81 2
12 82 5
12 83 4
12 84 2
12 85 3
12 86 3
12 87 1
12 88 4
12 89 5
12 90 1
12 91 2
12 92 2
12 93 5
12 94 5
12 95 4
12 96 1
12 97 2
12 98 5
12 99 5
12 100 5
13 14 1
13 15 1
13 16 4
13 17 5
13 18 5
13 19 2
13 20 1
13 21 4
13 22 4
13 23 4
13 24 4
13 25 5
13 26 5
13 27 1
13 28 4
13 29 3
13 30 2
13 31 1
13 32 2
13 33 4
13 34 2
13 35 4
13 36 1
13 37 3
13 38 3
13 39 4
13 40 1
13 41 1
13 42 3
13 43 3
13 44 1
13 45 4
13 46 1
13 47 3
13 48 2
13 49 5
13 50 2
13 51 2
13 52 5
13 53 2
13 54 4
13 55 4
13 56 2
13 57 5
13 58 3
13 59 4
13 60 1
13 61 4
13 62 4
13 63 3
13 64 1
13 65 2
13 66 1
13 67 3
13 68 4
13 69 2
13 70 5
13 71 1
13 72 2
13 73 3
13 74 4
13 75 5
13 76 5
13 77 1
13 78 1
13 79 1
13 80 1
13 81 3
13 82 4
13 83 3
13 84 5
13 85 4
13 86 4
13 87 4
13 88 2
13 89 4
13 90 3
13 91 5
13 92 2
13 93 5
13 94 2
13 95 3
13 96 1
13 97 1
13 98 3
13 99 1
13 100 2
14 15 4
14 16 2
14 17 2
14 18 2
14 19 4
14 20 5
14 21 5
14 22 2
14 23 3
14 24 1
14 25 1
14 26 2
14 27 3
14 28 4
14 29 5
14 30 3
14 31 2
14 32 5
14 33 5
14 34 3
14 35 3
14 36 3
14 37 5
14 38 2
14 39 3
14 40 3
14 41 5
14 42 4
14 43 4
14 44 4
14 45 4
14 46 2
14 47 1
14 48 5
14 49 2
14 50 2
14 51 4
14 52 2
14 53 5
14 54 3
14 55 3
14 56 1
14 57 4
14 58 3
14 59 2
14 60 2
14 61 1
14 62 2
14 63 5
14 64 3
14 65 5
14 66 1
14 67 3
14 68 4
14 69 4
14 70 1
14 71 5
14 72 3
14 73 4
14 74 1
14 75 4
14 76 4
14 77 3
14 78 2
14 79 2
14 80 4
14 81 1
14 82 1
14 83 2
14 84 4
14 85 3
14 86 4
14 87 1
14 88 4
14 89 1
14 90 3
14 91 2
14 92 4
14 93 1
14 94 1
14 95 5
14 96 2
14 97 1
14 98 4
14 99 3
14 100 4
15 16 1
15 17 5
15 18 5
15 19 5
15 20 3
15 21 3
15 22 1
15 23 1
15 24 3
15 25 3
15 26 1
15 27 2
15 28 2
15 29 4
15 30 2
15 31 5
15 32 1
15 33 1
15 34 3
15 35 1
15 36 4
15 37 1
15 38 1
15 39 2
15 40 4
15 41 2
15 42 1
15 43 5
15 44 3
15 45 5
15 46 4
15 47 1
15 48 4
15 49 3
15 50 2
15 51 5
15 52 1
15 53 5
15 54 3
15 55 5
15 56 2
15 57 2
15 58 1
15 59 2
15 60 1
15 61 2
15 62 1
15 63 4
15 64 1
15 65 1
15 66 2
15 67 5
15 68 3
15 69 4
15 70 4
15 71 2
15 72 1
15 73 4
15 74 4
15 75 4
15 76 4
15 77 4
15 78 2
15 79 1
15 80 5
15 81 5
15 82 2
15 83 5
15 84 4
15 85 2
15 86 3
15 87 5
15 88 3
15 89 3
15 90 2
15 91 4
15 92 2
15 93 1
15 94 4
15 95 1
15 96 1
15 97 1
15 98 1
15 99 3
15 100 2
16 17 3
16 18 1
16 19 2
16 20 1
16 21 4
16 22 1
16 23 4
16 24 4
16 25 2
16 26 5
16 27 5
16 28 5
16 29 5
16 30 3
16 31 4
16 32 3
16 33 1
16 34 5
16 35 4
16 36 4
16 37 1
16 38 1
16 39 1
16 40 3
16 41 1
16 42 1
16 43 4
16 44 2
16 45 1
16 46 3
16 47 4
16 48 4
16 49 1
16 50 1
16 51 4
16 52 1
16 53 3
16 54 1
16 55 4
16 56 5
16 57 4
16 58 1
16 59 1
16 60 3
16 61 1
16 62 5
16 63 5
16 64 4
16 65 1
16 66 4
16 67 3
16 68 3
16 69 5
16 70 4
16 71 5
16 72 4
16 73 4
16 74 3
16 75 3
16 76 4
16 77 4
16 78 1
16 79 3
16 80 4
16 81 2
16 82 1
16 83 1
16 84 2
16 85 2
16 86 1
16 87 3
16 88 4
16 89 1
16 90 3
16 91 2
16 92 3
16 93 4
16 94 3
16 95 2
16 96 1
16 97 1
16 98 3
16 99 2
16 100 5
17 18 3
17 19 3
17 20 1
17 21 2
17 22 5
17 23 1
17 24 3
17 25 2
17 26 2
17 27 1
17 28 2
17 29 4
17 30 4
17 31 5
17 32 5
17 33 5
17 34 4
17 35 5
17 36 5
17 37 4
17 38 3
17 39 2
17 40 3
17 41 1
17 42 5
17 43 2
17 44 4
17 45 1
17 46 2
17 47 4
17 48 2
17 49 1
17 50 5
17 51 2
17 52 3
17 53 2
17 54 5
17 55 3
17 56 1
17 57 1
17 58 1
17 59 4
17 60 5
17 61 2
17 62 1
17 63 2
17 64 4
17 65 5
17 66 5
17 67 2
17 68 3
17 69 4
17 70 3
17 71 5
17 72 5
17 73 4
17 74 4
17 75 4
17 76 5
17 77 1
17 78 2
17 79 3
17 80 4
17 81 3
17 82 3
17 83 1
17 84 1
17 85 5
17 86 2
17 87 5
17 88 2
17 89 4
17 90 3
17 91 1
17 92 3
17 93 5
17 94 2
17 95 2
17 96 4
17 97 2
17 98 1
17 99 4
17 100 5
18 19 5
18 20 4
18 21 5
18 22 1
18 23 5
18 24 4
18 25 5
18 26 5
18 27 4
18 28 2
18 29 2
18 30 1
18 31 2
18 32 4
18 33 5
18 34 2
18 35 4
18 36 2
18 37 3
18 38 2
18 39 5
18 40 4
18 41 5
18 42 4
18 43 5
18 44 5
18 45 5
18 46 2
18 47 5
18 48 3
18 49 2
18 50 4
18 51 1
18 52 3
18 53 4
18 54 4
18 55 3
18 56 3
18 57 2
18 58 2
18 59 4
18 60 5
18 61 2
18 62 3
18 63 5
18 64 4
18 65 5
18 66 4
18 67 3
18 68 3
18 69 2
18 70 3
18 71 2
18 72 3
18 73 5
18 74 2
18 75 4
18 76 1
18 77 2
18 78 5
18 79 4
18 80 3
18 81 5
18 82 1
18 83 1
18 84 3
18 85 1
18 86 2
18 87 4
18 88 1
18 89 1
18 90 2
18 91 2
18 92 1
18 93 1
18 94 1
18 95 1
18 96 2
18 97 5
18 98 1
18 99 1
18 100 4
19 20 4
19 21 1
19 22 2
19 23 4
19 24 1
19 25 4
19 26 2
19 27 3
19 28 1
19 29 2
19 30 4
19 31 3
19 32 2
19 33 2
19 34 5
19 35 2
19 36 4
19 37 1
19 38 4
19 39 4
19 40 3
19 41 2
19 42 4
19 43 1
19 44 2
19 45 5
19 46 2
19 47 2
19 48 1
19 49 2
19 50 1
19 51 3
19 52 4
19 53 5
19 54 3
19 55 4
19 56 3
19 57 2
19 58 3
19 59 2
19 60 2
19 61 2
19 62 2
19 63 2
19 64 2
19 65 4
19 66 1
19 67 3
19 68 5
19 69 5
19 70 3
19 71 2
19 72 4
19 73 3
19 74 3
19 75 3
19 76 4
19 77 4
19 78 1
19 79 3
19 80 5
19 81 5
19 82 1
19 83 4
19 84 5
19 85 4
19 86 5
19 87 4
19 88 4
19 89 1
19 90 3
19 91 1
19 92 1
19 93 2
19 94 3
19 95 3
19 96 3
19 97 2
19 98 2
19 99 2
19 100 2
20 21 4
20 22 5
20 23 1
20 24 3
20 25 5
20 26 4
20 27 5
20 28 3
20 29 3
20 30 3
20 31 2
20 32 4
20 33 2
20 34 3
20 35 1
20 36 2
20 37 3
20 38 4
20 39 1
20 40 4
20 41 4
20 42 3
20 43 2
20 44 1
20 45 1
20 46 4
20 47 5
20 48 1
20 49 1
20 50 1
20 51 4
20 52 3
20 53 4
20 54 5
20 55 5
20 56 1
20 57 5
20 58 1
20 59 1
20 60 4
20 61 1
20 62 5
20 63 3
20 64 1
20 65 2
20 66 3
20 67 1
20 68 3
20 69 5
20 70 2
20 71 2
20 72 3
20 73 4
20 74 4
20 75 2
20 76 4
20 77 4
20 78 3
20 79 1
20 80 1
20 81 3
20 82 4
20 83 4
20 84 1
20 85 2
20 86 2
20 87 4
20 88 3
20 89 3
20 90 1
20 91 4
20 92 2
20 93 1
20 94 5
20 95 4
20 96 4
20 97 1
20 98 2
20 99 1
20 100 1
21 22 2
21 23 2
21 24 4
21 25 5
21 26 4
21 27 2
21 28 1
21 29 5
21 30 2
21 31 5
21 32 3
21 33 4
21 34 2
21 35 5
21 36 1
21 37 1
21 38 2
21 39 3
21 40 2
21 41 4
21 42 3
21 43 1
21 44 5
21 45 5
21 46 1
21 47 2
21 48 3
21 49 5
21 50 4
21 51 5
21 52 5
21 53 1
21 54 2
21 55 2
21 56 1
21 57 3
21 58 4
21 59 5
21 60 4
21 61 2
21 62 4
21 63 5
21 64 1
21 65 2
21 66 3
21 67 1
21 68 2
21 69 2
21 70 2
21 71 3
21 72 1
21 73 4
21 74 2
21 75 4
21 76 1
21 77 4
21 78 1
21 79 1
21 80 4
21 81 2
21 82 3
21 83 3
21 84 2
21 85 3
21 86 5
21 87 4
21 88 5
21 89 3
21 90 3
21 91 4
21 92 5
21 93 3
21 94 2
21 95 4
21 96 5
21 97 1
21 98 3
21 99 4
21 100 1
22 23 1
22 24 4
22 25 5
22 26 5
22 27 3
22 28 2
22 29 2
22 30 1
22 31 3
22 32 1
22 33 4
22 34 1
22 35 3
22 36 4
22 37 5
22 38 1
22 39 1
22 40 1
22 41 2
22 42 3
22 43 3
22 44 1
22 45 3
22 46 4
22 47 5
22 48 1
22 49 4
22 50 3
22 51 4
22 52 4
22 53 2
22 54 5
22 55 5
22 56 5
22 57 4
22 58 5
22 59 5
22 60 2
22 61 3
22 62 5
22 63 4
22 64 1
22 65 3
22 66 4
22 67 3
22 68 5
22 69 5
22 70 1
22 71 5
22 72 1
22 73 2
22 74 5
22 75 5
22 76 2
22 77 4
22 78 5
22 79 5
22 80 3
22 81 3
22 82 1
22 83 2
22 84 5
22 85 2
22 86 2
22 87 5
22 88 3
22 89 1
22 90 5
22 91 2
22 92 5
22 93 3
22 94 2
22 95 5
22 96 3
22 97 5
22 98 1
22 99 3
22 100 1
23 24 3
23 25 2
23 26 3
23 27 1
23 28 3
23 29 3
23 30 5
23 31 3
23 32 1
23 33 5
23 34 3
23 35 5
23 36 1
23 37 5
23 38 5
23 39 1
23 40 2
23 41 5
23 42 5
23 43 1
23 44 2
23 45 1
23 46 1
23 47 3
23 48 1
23 49 3
23 50 1
23 51 1
23 52 1
23 53 2
23 54 2
23 55 2
23 56 5
23 57 5
23 58 3
23 59 2
23 60 5
23 61 4
23 62 1
23 63 5
23 64 2
23 65 5
23 66 2
23 67 2
23 68 1
23 69 1
23 70 1
23 71 4
23 72 1
23 73 4
23 74 2
23 75 4
23 76 3
23 77 1
23 78 4
23 79 3
23 80 1
23 81 3
23 82 1
23 83 3
23 84 1
23 85 2
23 86 1
23 87 2
23 88 2
23 89 1
23 90 3
23 91 5
23 92 3
23 93 5
23 94 1
23 95 1
23 96 4
23 97 5
23 98 5
23 99 5
23 100 4
24 25 5
24 26 5
24 27 4
24 28 1
24 29 4
24 30 3
24 31 1
24 32 3
24 33 5
24 34 4
24 35 4
24 36 4
24 37 3
24 38 2
24 39 4
24 40 4
24 41 3
24 42 2
24 43 3
24 44 5
24 45 1
24 46 4
24 47 5
24 48 3
24 49 5
24 50 4
24 51 4
24 52 1
24 53 1
24 54 3
24 55 1
24 56 2
24 57 2
24 58 3
24 59 4
24 60 5
24 61 2
24 62 2
24 63 4
24 64 5
24 65 4
24 66 1
24 67 4
24 68 5
24 69 3
24 70 5
24 71 3
24 72 4
24 73 5
24 74 4
24 75 2
24 76 3
24 77 2
24 78 3
24 79 2
24 80 1
24 81 3
24 82 3
24 83 4
24 84 1
24 85 5
24 86 3
24 87 2
24 88 4
24 89 2
24 90 2
24 91 5
24 92 5
24 93 2
24 94 3
24 95 3
24 96 3
24 97 4
24 98 1
24 99 1
24 100 5
25 26 3
25 27 1
25 28 2
25 29 2
25 30 5
25 31 1
25 32 2
25 33 4
25 34 1
25 35 3
25 36 2
25 37 3
25 38 2
25 39 3
25 40 2
25 41 1
25 42 5
25 43 3
25 44 4
25 45 4
25 46 3
25 47 4
25 48 1
25 49 2
25 50 3
25 51 4
25 52 4
25 53 1
25 54 3
25 55 3
25 56 1
25 57 2
25 58 2
25 59 5
25 60 5
25 61 4
25 62 1
25 63 3
25 64 4
25 65 5
25 66 5
25 67 4
25 68 1
25 69 2
25 70 4
25 71 4
25 72 1
25 73 1
25 74 5
25 75 3
25 76 5
25 77 3
25 78 4
25 79 3
25 80 1
25 81 2
25 82 5
25 83 1
25 84 3
25 85 4
25 86 5
25 87 5
25 88 5
25 89 1
25 90 2
25 91 4
25 92 1
25 93 4
25 94 2
25 95 3
25 96 3
25 97 1
25 98 3
25 99 1
25 100 3
26 27 4
26 28 5
26 29 4
26 30 5
26 31 5
26 32 3
26 33 5
26 34 1
26 35 1
26 36 4
26 37 3
26 38 2
26 39 3
26 40 3
26 41 5
26 42 2
26 43 4
26 44 4
26 45 4
26 46 1
26 47 1
26 48 4
26 49 4
26 50 1
26 51 2
26 52 5
26 53 5
26 54 2
26 55 2
26 56 3
26 57 4
26 58 2
26 59 1
26 60 5
26 61 3
26 62 5
26 63 5
26 64 2
26 65 3
26 66 3
26 67 3
26 68 3
26 69 1
26 70 4
26 71 2
26 72 4
26 73 2
26 74 1
26 75 3
26 76 2
26 77 1
26 78 2
26 79 1
26 80 5
26 81 1
26 82 1
26 83 1
26 84 5
26 85 1
26 86 2
26 87 4
26 88 5
26 89 4
26 90 2
26 91 3
26 92 1
26 93 1
26 94 3
26 95 5
26 96 1
26 97 4
26 98 5
26 99 2
26 100 3
27 28 4
27 29 3
27 30 4
27 31 4
27 32 1
27 33 4
27 34 3
27 35 4
27 36 1
27 37 4
27 38 3
27 39 1
27 40 5
27 41 4
27 42 4
27 43 3
27 44 1
27 45 4
27 46 2
27 47 3
27 48 5
27 49 5
27 50 2
27 51 4
27 52 5
27 53 5
27 54 3
27 55 2
27 56 2
27 57 4
27 58 2
27 59 5
27 60 5
27 61 1
27 62 1
27 63 2
27 64 3
27 65 4
27 66 5
27 67 1
27 68 2
27 69 1
27 70 5
27 71 4
27 72 1
27 73 1
27 74 5
27 75 4
27 76 3
27 77 1
27 78 1
27 79 2
27 80 3
27 81 2
27 82 2
27 83 1
27 84 2
27 85 5
27 86 1
27 87 2
27 88 3
27 89 3
27 90 3
27 91 4
27 92 3
27 93 3
27 94 5
27 95 4
27 96 5
27 97 4
27 98 2
27 99 2
27 100 1
28 29 2
28 30 1
28 31 3
28 32 4
28 33 3
28 34 1
28 35 3
28 36 1
28 37 5
28 38 2
28 39 5
28 40 3
28 41 5
28 42 2
28 43 4
28 44 5
28 45 2
28 46 1
28 47 4
28 48 2
28 49 5
28 50 4
28 51 2
28 52 4
28 53 4
28 54 3
28 55 3
28 56 2
28 57 1
28 58 2
28 59 2
28 60 5
28 61 5
28 62 2
28 63 1
28 64 1
28 65 5
28 66 1
28 67 2
28 68 2
28 69 5
28 70 2
28 71 5
28 72 4
28 73 1
28 74 1
28 75 5
28 76 1
28 77 2
28 78 3
28 79 1
28 80 1
28 81 1
28 82 5
28 83 4
28 84 5
28 85 5
28 86 2
28 87 3
28 88 3
28 89 3
28 90 3
28 91 2
28 92 5
28 93 2
28 94 2
28 95 1
28 96 2
28 97 1
28 98 1
28 99 5
28 100 5
29 30 5
29 31 1
29 32 4
29 33 1
29 34 4
29 35 1
29 36 2
29 37 2
29 38 2
29 39 4
29 40 3
29 41 1
29 42 5
29 43 4
29 44 4
29 45 1
29 46 3
29 47 2
29 48 3
29 49 5
29 50 4
29 51 1
29 52 4
29 53 5
29 54 5
29 55 5
29 56 1
29 57 5
29 58 1
29 59 4
29 60 1
29 61 5
29 62 1
29 63 2
29 64 1
29 65 5
29 66 2
29 67 3
29 68 2
29 69 3
29 70 3
29 71 3
29 72 2
29 73 1
29 74 5
29 75 1
29 76 5
29 77 3
29 78 4
29 79 5
29 80 5
29 81 5
29 82 3
29 83 2
29 84 2
29 85 2
29 86 4
29 87 2
29 88 4
29 89 4
29 90 5
29 91 5
29 92 3
29 93 4
29 94 1
29 95 2
29 96 4
29 97 2
29 98 3
29 99 5
29 100 1
30 31 1
30 32 5
30 33 2
30 34 1
30 35 4
30 36 5
30 37 4
30 38 3
30 39 3
30 40 5
30 41 1
30 42 4
30 43 5
30 44 3
30 45 3
30 46 2
30 47 4
30 48 2
30 49 1
30 50 2
30 51 1
30 52 5
30 53 1
30 54 5
30 55 5
30 56 2
30 57 3
30 58 2
30 59 3
30 60 2
30 61 2
30 62 1
30 63 1
30 64 4
30 65 3
30 66 5
30 67 4
30 68 4
30 69 1
30 70 5
30 71 4
30 72 2
30 73 4
30 74 3
30 75 5
30 76 1
30 77 2
30 78 2
30 79 4
30 80 4
30 81 2
30 82 2
30 83 1
30 84 5
30 85 5
30 86 1
30 87 5
30 88 4
30 89 1
30 90 5
30 91 2
30 92 2
30 93 3
30 94 1
30 95 1
30 96 4
30 97 5
30 98 3
30 99 4
30 100 2
31 32 2
31 33 2
31 34 4
31 35 1
31 36 2
31 37 1
31 38 5
31 39 5
31 40 5
31 41 3
31 42 1
31 43 2
31 44 2
31 45 2
31 46 3
31 47 5
31 48 1
31 49 2
31 50 1
31 51 1
31 52 5
31 53 4
31 54 1
31 55 5
31 56 5
31 57 4
31 58 1
31 59 5
31 60 1
31 61 5
31 62 1
31 63 3
31 64 1
31 65 5
31 66 1
31 67 1
31 68 4
31 69 1
31 70 3
31 71 4
31 72 3
31 73 1
31 74 5
31 75 5
31 76 3
31 77 2
31 78 2
31 79 4
31 80 2
31 81 1
31 82 2
31 83 4
31 84 4
31 85 5
31 86 2
31 87 1
31 88 1
31 89 3
31 90 2
31 91 4
31 92 1
31 93 4
31 94 5
31 95 3
31 96 1
31 97 3
31 98 4
31 99 3
31 100 5
32 33 5
32 34 5
32 35 4
32 36 3
32 37 5
32 38 1
32 39 3
32 40 3
32 41 5
32 42 4
32 43 4
32 44 4
32 45 5
32 46 5
32 47 4
32 48 2
32 49 5
32 50 1
32 51 2
32 52 2
32 53 2
32 54 1
32 55 1
32 56 1
32 57 2
32 58 5
32 59 2
32 60 3
32 61 3
32 62 3
32 63 3
32 64 3
32 65 2
32 66 5
32 67 4
32 68 4
32 69 2
32 70 2
32 71 1
32 72 4
32 73 4
32 74 5
32 75 4
32 76 4
32 77 1
32 78 1
32 79 5
32 80 1
32 81 2
32 82 5
32 83 5
32 84 4
32 85 5
32 86 2
32 87 5
32 88 1
32 89 4
32 90 2
32 91 2
32 92 2
32 93 3
32 94 4
32 95 4
32 96 2
32 97 1
32 98 1
32 99 3
32 100 2
33 34 4
33 35 1
33 36 2
33 37 2
33 38 4
33 39 5
33 40 5
33 41 3
33 42 5
33 43 2
33 44 2
33 45 2
33 46 5
33 47 2
33 48 3
33 49 3
33 50 5
33 51 3
33 52 1
33 53 5
33 54 4
33 55 1
33 56 5
33 57 4
33 58 2
33 59 5
33 60 3
33 61 1
33 62 3
33 63 5
33 64 2
33 65 4
33 66 4
33 67 5
33 68 1
33 69 1
33 70 1
33 71 5
33 72 5
33 73 1
33 74 3
33 75 5
33 76 3
33 77 4
33 78 4
33 79 3
33 80 1
33 81 3
33 82 5
33 83 1
33 84 4
33 85 2
33 86 2
33 87 1
33 88 3
33 89 2
33 90 1
33 91 3
33 92 3
33 93 5
33 94 5
33 95 3
33 96 4
33 97 2
33 98 3
33 99 4
33 100 3
34 35 1
34 36 1
34 37 2
34 38 1
34 39 4
34 40 5
34 41 2
34 42 3
34 43 2
34 44 2
34 45 5
34 46 3
34 47 2
34 48 2
34 49 3
34 50 4
34 51 4
34 52 2
34 53 2
34 54 3
34 55 2
34 56 3
34 57 1
34 58 1
34 59 3
34 60 5
34 61 4
34 62 4
34 63 1
34 64 3
34 65 5
34 66 5
34 67 1
34 68 3
34 69 4
34 70 3
34 71 1
34 72 1
34 73 3
34 74 5
34 75 2
34 76 3
34 77 4
34 78 1
34 79 4
34 80 4
34 81 4
34 82 2
34 83 1
34 84 4
34 85 1
34 86 2
34 87 1
34 88 1
34 89 3
34 90 3
34 91 3
34 92 4
34 93 5
34 94 3
34 95 3
34 96 3
34 97 5
34 98 4
34 99 5
34 100 2
35 36 4
35 37 2
35 38 1
35 39 3
35 40 1
35 41 5
35 42 3
35 43 2
35 44 2
35 45 5
35 46 4
35 47 2
35 48 3
35 49 2
35 50 1
35 51 1
35 52 2
35 53 2
35 54 4
35 55 3
35 56 5
35 57 1
35 58 3
35 59 3
35 60 2
35 61 1
35 62 3
35 63 4
35 64 5
35 65 2
35 66 2
35 67 5
35 68 2
35 69 5
35 70 4
35 71 4
35 72 1
35 73 2
35 74 1
35 75 3
35 76 3
35 77 5
35 78 4
35 79 1
35 80 4
35 81 5
35 82 2
35 83 5
35 84 5
35 85 3
35 86 2
35 87 4
35 88 5
35 89 1
35 90 4
35 91 3
35 92 3
35 93 2
35 94 5
35 95 3
35 96 3
35 97 4
35 98 1
35 99 3
35 100 5
36 37 2
36 38 5
36 39 5
36 40 1
36 41 5
36 42 4
36 43 4
36 44 4
36 45 3
36 46 3
36 47 5
36 48 3
36 49 4
36 50 5
36 51 2
36 52 5
36 53 5
36 54 3
36 55 4
36 56 1
36 57 1
36 58 2
36 59 2
36 60 4
36 61 1
36 62 5
36 63 2
36 64 4
36 65 2
36 66 2
36 67 4
36 68 2
36 69 5
36 70 4
36 71 3
36 72 4
36 73 4
36 74 3
36 75 4
36 76 3
36 77 3
36 78 2
36 79 4
36 80 1
36 81 5
36 82 4
36 83 5
36 84 4
36 85 1
36 86 5
36 87 2
36 88 2
36 89 5
36 90 4
36 91 1
36 92 5
36 93 5
36 94 2
36 95 4
36 96 4
36 97 1
36 98 5
36 99 2
36 100 1
37 38 5
37 39 5
37 40 1
37 41 2
37 42 3
37 43 1
37 44 2
37 45 3
37 46 2
37 47 1
37 48 5
37 49 4
37 50 4
37 51 3
37 52 1
37 53 5
37 54 1
37 55 1
37 56 2
37 57 5
37 58 3
37 59 3
37 60 5
37 61 1
37 62 2
37 63 2
37 64 3
37 65 4
37 66 4
37 67 4
37 68 5
37 69 4
37 70 1
37 71 1
37 72 3
37 73 5
37 74 4
37 75 4
37 76 4
37 77 1
37 78 5
37 79 2
37 80 5
37 81 1
37 82 5
37 83 5
37 84 5
37 85 3
37 86 1
37 87 2
37 88 3
37 89 5
37 90 5
37 91 1
37 92 2
37 93 5
37 94 5
37 95 3
37 96 5
37 97 3
37 98 4
37 99 5
37 100 4
38 39 5
38 40 4
38 41 3
38 42 2
38 43 4
38 44 2
38 45 2
38 46 1
38 47 1
38 48 5
38 49 2
38 50 1
38 51 5
38 52 5
38 53 3
38 54 5
38 55 2
38 56 5
38 57 1
38 58 2
38 59 4
38 60 1
38 61 3
38 62 1
38 63 5
38 64 3
38 65 4
38 66 5
38 67 4
38 68 5
38 69 3
38 70 3
38 71 3
38 72 1
38 73 5
38 74 4
38 75 4
38 76 5
38 77 4
38 78 2
38 79 5
38 80 3
38 81 5
38 82 5
38 83 2
38 84 5
38 85 2
38 86 2
38 87 2
38 88 4
38 89 3
38 90 2
38 91 2
38 92 5
38 93 4
38 94 4
38 95 5
38 96 2
38 97 5
38 98 2
38 99 1
38 100 1
39 40 4
39 41 4
39 42 1
39 43 2
39 44 3
39 45 5
39 46 5
39 47 5
39 48 3
39 49 4
39 50 4
39 51 3
39 52 1
39 53 4
39 54 1
39 55 2
39 56 4
39 57 3
39 58 3
39 59 5
39 60 2
39 61 4
39 62 3
39 63 2
39 64 4
39 65 2
39 66 2
39 67 2
39 68 1
39 69 4
39 70 3
39 71 5
39 72 4
39 73 2
39 74 1
39 75 1
39 76 1
39 77 2
39 78 4
39 79 3
39 80 5
39 81 4
39 82 4
39 83 1
39 84 3
39 85 5
39 86 4
39 87 4
39 88 4
39 89 3
39 90 1
39 91 2
39 92 4
39 93 2
39 94 5
39 95 4
39 96 5
39 97 3
39 98 1
39 99 1
39 100 3
40 41 4
40 42 4
40 43 5
40 44 5
40 45 3
40 46 5
40 47 5
40 48 4
40 49 3
40 50 5
40 51 4
40 52 2
40 53 1
40 54 5
40 55 2
40 56 5
40 57 2
40 58 5
40 59 2
40 60 2
40 61 4
40 62 2
40 63 2
40 64 5
40 65 3
40 66 2
40 67 5
40 68 3
40 69 4
40 70 2
40 71 4
40 72 5
40 73 2
40 74 3
40 75 2
40 76 4
40 77 3
40 78 5
40 79 5
40 80 3
40 81 2
40 82 4
40 83 4
40 84 3
40 85 1
40 86 3
40 87 4
40 88 3
40 89 1
40 90 2
40 91 1
40 92 1
40 93 1
40 94 1
40 95 4
40 96 1
40 97 4
40 98 4
40 99 2
40 100 3
41 42 4
41 43 1
41 44 3
41 45 2
41 46 1
41 47 1
41 48 4
41 49 3
41 50 1
41 51 4
41 52 1
41 53 1
41 54 4
41 55 2
41 56 3
41 57 1
41 58 5
41 59 4
41 60 5
41 61 4
41 62 2
41 63 3
41 64 4
41 65 1
41 66 1
41 67 4
41 68 2
41 69 1
41 70 4
41 71 3
41 72 5
41 73 4
41 74 4
41 75 4
41 76 1
41 77 4
41 78 1
41 79 2
41 80 2
41 81 2
41 82 2
41 83 1
41 84 2
41 85 1
41 86 2
41 87 4
41 88 5
41 89 3
41 90 1
41 91 5
41 92 3
41 93 5
41 94 3
41 95 5
41 96 3
41 97 3
41 98 1
41 99 5
41 100 1
42 43 1
42 44 4
42 45 4
42 46 2
42 47 2
42 48 5
42 49 4
42 50 1
42 51 4
42 52 4
42 53 4
42 54 2
42 55 1
42 56 1
42 57 4
42 58 5
42 59 5
42 60 5
42 61 1
42 62 5
42 63 1
42 64 1
42 65 5
42 66 1
42 67 4
42 68 4
42 69 5
42 70 4
42 71 1
42 72 4
42 73 5
42 74 3
42 75 1
42 76 4
42 77 2
42 78 3
42 79 1
42 80 3
42 81 1
42 82 1
42 83 5
42 84 4
42 85 5
42 86 1
42 87 1
42 88 4
42 89 4
42 90 4
42 91 3
42 92 2
42 93 2
42 94 3
42 95 2
42 96 2
42 97 4
42 98 4
42 99 5
42 100 2
43 44 5
43 45 5
43 46 3
43 47 1
43 48 4
43 49 4
43 50 2
43 51 3
43 52 5
43 53 3
43 54 5
43 55 4
43 56 3
43 57 3
43 58 5
43 59 5
43 60 1
43 61 5
43 62 4
43 63 1
43 64 4
43 65 3
43 66 4
43 67 4
43 68 2
43 69 3
43 70 5
43 71 4
43 72 3
43 73 5
43 74 3
43 75 5
43 76 4
43 77 4
43 78 5
43 79 4
43 80 4
43 81 2
43 82 4
43 83 3
43 84 2
43 85 4
43 86 4
43 87 4
43 88 2
43 89 5
43 90 5
43 91 1
43 92 5
43 93 2
43 94 3
43 95 3
43 96 5
43 97 2
43 98 1
43 99 1
43 100 5
44 45 5
44 46 2
44 47 1
44 48 3
44 49 4
44 50 1
44 51 3
44 52 4
44 53 1
44 54 4
44 55 4
44 56 4
44 57 5
44 58 4
44 59 3
44 60 5
44 61 3
44 62 5
44 63 2
44 64 1
44 65 3
44 66 2
44 67 1
44 68 1
44 69 5
44 70 3
44 71 3
44 72 4
44 73 2
44 74 3
44 75 3
44 76 2
44 77 2
44 78 4
44 79 3
44 80 1
44 81 2
44 82 2
44 83 1
44 84 5
44 85 4
44 86 3
44 87 5
44 88 1
44 89 5
44 90 5
44 91 3
44 92 4
44 93 4
44 94 3
44 95 5
44 96 5
44 97 3
44 98 1
44 99 3
44 100 4
45 46 2
45 47 3
45 48 1
45 49 2
45 50 1
45 51 4
45 52 4
45 53 1
45 54 1
45 55 5
45 56 2
45 57 4
45 58 4
45 59 3
45 60 4
45 61 5
45 62 4
45 63 1
45 64 2
45 65 4
45 66 1
45 67 4
45 68 1
45 69 3
45 70 4
45 71 4
45 72 1
45 73 4
45 74 5
45 75 3
45 76 5
45 77 4
45 78 4
45 79 3
45 80 3
45 81 5
45 82 4
45 83 2
45 84 3
45 85 1
45 86 2
45 87 2
45 88 2
45 89 5
45 90 5
45 91 2
45 92 3
45 93 1
45 94 1
45 95 4
45 96 5
45 97 5
45 98 3
45 99 2
45 100 2
46 47 2
46 48 2
46 49 2
46 50 1
46 51 3
46 52 4
46 53 1
46 54 2
46 55 1
46 56 2
46 57 3
46 58 1
46 59 1
46 60 2
46 61 1
46 62 3
46 63 5
46 64 3
46 65 2
46 66 2
46 67 3
46 68 3
46 69 1
46 70 5
46 71 5
46 72 2
46 73 5
46 74 2
46 75 2
46 76 1
46 77 2
46 78 2
46 79 2
46 80 3
46 81 2
46 82 3
46 83 5
46 84 2
46 85 1
46 86 5
46 87 1
46 88 2
46 89 5
46 90 1
46 91 3
46 92 5
46 93 1
46 94 1
46 95 3
46 96 5
46 97 5
46 98 1
46 99 5
46 100 1
47 48 1
47 49 1
47 50 1
47 51 3
47 52 3
47 53 2
47 54 4
47 55 3
47 56 3
47 57 1
47 58 4
47 59 1
47 60 5
47 61 5
47 62 4
47 63 5
47 64 3
47 65 3
47 66 2
47 67 1
47 68 3
47 69 3
47 70 5
47 71 1
47 72 2
47 73 4
47 74 2
47 75 4
47 76 1
47 77 5
47 78 3
47 79 5
47 80 3
47 81 2
47 82 2
47 83 5
47 84 4
47 85 5
47 86 2
47 87 4
47 88 3
47 89 5
47 90 1
47 91 3
47 92 4
47 93 1
47 94 3
47 95 5
47 96 2
47 97 5
47 98 1
47 99 3
47 100 2
48 49 2
48 50 3
48 51 5
48 52 5
48 53 4
48 54 3
48 55 1
48 56 1
48 57 4
48 58 3
48 59 3
48 60 3
48 61 5
48 62 3
48 63 2
48 64 1
48 65 3
48 66 5
48 67 4
48 68 5
48 69 1
48 70 5
48 71 4
48 72 4
48 73 1
48 74 1
48 75 2
48 76 3
48 77 3
48 78 5
48 79 3
48 80 4
48 81 2
48 82 5
48 83 2
48 84 3
48 85 3
48 86 3
48 87 2
48 88 5
48 89 2
48 90 5
48 91 5
48 92 2
48 93 5
48 94 4
48 95 5
48 96 5
48 97 5
48 98 5
48 99 2
48 100 1
49 50 3
49 51 1
49 52 4
49 53 2
49 54 3
49 55 2
49 56 3
49 57 5
49 58 4
49 59 5
49 60 1
49 61 3
49 62 3
49 63 3
49 64 5
49 65 2
49 66 1
49 67 4
49 68 5
49 69 1
49 70 3
49 71 4
49 72 2
49 73 2
49 74 2
49 75 4
49 76 5
49 77 3
49 78 2
49 79 1
49 80 5
49 81 4
49 82 5
49 83 5
49 84 1
49 85 5
49 86 5
49 87 1
49 88 5
49 89 3
49 90 4
49 91 4
49 92 5
49 93 5
49 94 5
49 95 4
49 96 5
49 97 4
49 98 3
49 99 1
49 100 5
50 51 2
50 52 3
50 53 1
50 54 3
50 55 5
50 56 4
50 57 4
50 58 3
50 59 5
50 60 5
50 61 4
50 62 4
50 63 3
50 64 2
50 65 4
50 66 4
50 67 2
50 68 5
50 69 4
50 70 5
50 71 5
50 72 2
50 73 4
50 74 1
50 75 4
50 76 1
50 77 3
50 78 3
50 79 4
50 80 1
50 81 3
50 82 4
50 83 4
50 84 2
50 85 1
50 86 5
50 87 2
50 88 4
50 89 5
50 90 3
50 91 2
50 92 4
50 93 5
50 94 3
50 95 3
50 96 5
50 97 1
50 98 1
50 99 1
50 100 3
51 52 2
51 53 3
51 54 2
51 55 1
51 56 5
51 57 5
51 58 3
51 59 5
51 60 2
51 61 1
51 62 1
51 63 3
51 64 4
51 65 2
51 66 5
51 67 5
51 68 5
51 69 5
51 70 4
51 71 1
51 72 3
51 73 2
51 74 1
51 75 1
51 76 5
51 77 2
51 78 5
51 79 4
51 80 4
51 81 4
51 82 1
51 83 3
51 84 1
51 85 5
51 86 5
51 87 5
51 88 3
51 89 1
51 90 5
51 91 5
51 92 4
51 93 2
51 94 2
51 95 3
51 96 2
51 97 3
51 98 1
51 99 1
51 100 2
52 53 3
52 54 4
52 55 3
52 56 2
52 57 2
52 58 1
52 59 2
52 60 1
52 61 1
52 62 5
52 63 2
52 64 2
52 65 2
52 66 2
52 67 2
52 68 5
52 69 5
52 70 4
52 71 1
52 72 1
52 73 4
52 74 4
52 75 2
52 76 2
52 77 5
52 78 1
52 79 5
52 80 3
52 81 2
52 82 1
52 83 4
52 84 2
52 85 5
52 86 1
52 87 2
52 88 1
52 89 5
52 90 2
52 91 4
52 92 2
52 93 3
52 94 4
52 95 4
52 96 5
52 97 3
52 98 4
52 99 4
52 100 4
53 54 2
53 55 2
53 56 5
53 57 2
53 58 3
53 59 1
53 60 3
53 61 2
53 62 4
53 63 4
53 64 2
53 65 2
53 66 2
53 67 1
53 68 2
53 69 3
53 70 4
53 71 4
53 72 4
53 73 3
53 74 2
53 75 2
53 76 2
53 77 4
53 78 5
53 79 3
53 80 2
53 81 5
53 82 4
53 83 3
53 84 1
53 85 1
53 86 2
53 87 5
53 88 5
53 89 2
53 90 4
53 91 3
53 92 4
53 93 4
53 94 3
53 95 1
53 96 1
53 97 1
53 98 4
53 99 2
53 100 4
54 55 1
54 56 1
54 57 3
54 58 3
54 59 3
54 60 2
54 61 5
54 62 1
54 63 4
54 64 5
54 65 4
54 66 2
54 67 4
54 68 1
54 69 3
54 70 2
54 71 3
54 72 3
54 73 2
54 74 2
54 75 4
54 76 2
54 77 2
54 78 3
54 79 1
54 80 5
54 81 5
54 82 2
54 83 5
54 84 1
54 85 1
54 86 4
54 87 2
54 88 3
54 89 1
54 90 2
54 91 1
54 92 4
54 93 2
54 94 2
54 95 4
54 96 3
54 97 5
54 98 3
54 99 1
54 100 1
55 56 5
55 57 3
55 58 5
55 59 2
55 60 1
55 61 5
55 62 4
55 63 3
55 64 1
55 65 4
55 66 3
55 67 2
55 68 1
55 69 2
55 70 5
55 71 3
55 72 1
55 73 3
55 74 5
55 75 1
55 76 1
55 77 4
55 78 5
55 79 5
55 80 5
55 81 5
55 82 1
55 83 5
55 84 1
55 85 2
55 86 1
55 87 5
55 88 3
55 89 2
55 90 4
55 91 4
55 92 5
55 93 5
55 94 1
55 95 5
55 96 5
55 97 1
55 98 3
55 99 4
55 100 1
56 57 5
56 58 2
56 59 3
56 60 5
56 61 4
56 62 3
56 63 4
56 64 3
56 65 1
56 66 4
56 67 2
56 68 1
56 69 3
56 70 1
56 71 4
56 72 1
56 73 4
56 74 1
56 75 5
56 76 1
56 77 2
56 78 5
56 79 4
56 80 3
56 81 5
56 82 1
56 83 5
56 84 1
56 85 1
56 86 1
56 87 1
56 88 4
56 89 2
56 90 4
56 91 4
56 92 4
56 93 2
56 94 3
56 95 4
56 96 4
56 97 3
56 98 5
56 99 1
56 100 2
57 58 1
57 59 4
57 60 5
57 61 3
57 62 2
57 63 3
57 64 4
57 65 5
57 66 1
57 67 3
57 68 3
57 69 4
57 70 3
57 71 2
57 72 2
57 73 2
57 74 3
57 75 5
57 76 1
57 77 3
57 78 1
57 79 2
57 80 5
57 81 2
57 82 3
57 83 2
57 84 1
57 85 1
57 86 2
57 87 3
57 88 3
57 89 4
57 90 5
57 91 2
57 92 4
57 93 5
57 94 5
57 95 5
57 96 3
57 97 4
57 98 5
57 99 3
57 100 3
58 59 2
58 60 5
58 61 3
58 62 1
58 63 4
58 64 5
58 65 1
58 66 3
58 67 5
58 68 3
58 69 2
58 70 4
58 71 1
58 72 5
58 73 1
58 74 5
58 75 2
58 76 2
58 77 1
58 78 1
58 79 1
58 80 3
58 81 3
58 82 1
58 83 2
58 84 1
58 85 3
58 86 1
58 87 4
58 88 2
58 89 5
58 90 2
58 91 4
58 92 4
58 93 2
58 94 5
58 95 1
58 96 5
58 97 1
58 98 1
58 99 2
58 100 3
59 60 2
59 61 5
59 62 5
59 63 2
59 64 1
59 65 2
59 66 2
59 67 5
59 68 1
59 69 2
59 70 1
59 71 1
59 72 2
59 73 5
59 74 5
59 75 4
59 76 5
59 77 3
59 78 1
59 79 2
59 80 3
59 81 5
59 82 3
59 83 2
59 84 5
59 85 1
59 86 1
59 87 5
59 88 3
59 89 4
59 90 4
59 91 4
59 92 1
59 93 3
59 94 5
59 95 3
59 96 5
59 97 5
59 98 3
59 99 5
59 100 5
60 61 5
60 62 5
60 63 4
60 64 5
60 65 2
60 66 3
60 67 1
60 68 5
60 69 2
60 70 3
60 71 3
60 72 4
60 73 5
60 74 5
60 75 5
60 76 2
60 77 3
60 78 4
60 79 2
60 80 5
60 81 1
60 82 3
60 83 3
60 84 3
60 85 1
60 86 5
60 87 2
60 88 5
60 89 4
60 90 3
60 91 4
60 92 2
60 93 1
60 94 4
60 95 3
60 96 1
60 97 1
60 98 4
60 99 3
60 100 1
61 62 5
61 63 1
61 64 1
61 65 3
61 66 1
61 67 1
61 68 4
61 69 5
61 70 5
61 71 4
61 72 4
61 73 1
61 74 2
61 75 4
61 76 2
61 77 1
61 78 1
61 79 2
61 80 5
61 81 3
61 82 5
61 83 5
61 84 4
61 85 5
61 86 3
61 87 3
61 88 3
61 89 4
61 90 5
61 91 4
61 92 5
61 93 2
61 94 1
61 95 3
61 96 3
61 97 2
61 98 3
61 99 2
61 100 5
62 63 3
62 64 5
62 65 3
62 66 2
62 67 1
62 68 4
62 69 4
62 70 5
62 71 4
62 72 5
62 73 2
62 74 5
62 75 4
62 76 3
62 77 3
62 78 5
62 79 1
62 80 5
62 81 1
62 82 1
62 83 2
62 84 4
62 85 4
62 86 1
62 87 4
62 88 1
62 89 1
62 90 4
62 91 1
62 92 3
62 93 3
62 94 5
62 95 5
62 96 1
62 97 2
62 98 1
62 99 1
62 100 4
63 64 4
63 65 3
63 66 5
63 67 5
63 68 5
63 69 4
63 70 2
63 71 5
63 72 1
63 73 3
63 74 3
63 75 4
63 76 3
63 77 1
63 78 2
63 79 5
63 80 4
63 81 5
63 82 1
63 83 5
63 84 4
63 85 1
63 86 3
63 87 3
63 88 2
63 89 2
63 90 3
63 91 2
63 92 1
63 93 4
63 94 2
63 95 2
63 96 5
63 97 5
63 98 4
63 99 4
63 100 2
64 65 2
64 66 4
64 67 4
64 68 1
64 69 3
64 70 4
64 71 1
64 72 2
64 73 1
64 74 5
64 75 5
64 76 4
64 77 4
64 78 2
64 79 4
64 80 3
64 81 1
64 82 2
64 83 3
64 84 3
64 85 5
64 86 5
64 87 2
64 88 1
64 89 3
64 90 3
64 91 3
64 92 4
64 93 1
64 94 2
64 95 5
64 96 2
64 97 1
64 98 5
64 99 1
64 100 2
65 66 2
65 67 1
65 68 1
65 69 5
65 70 1
65 71 1
65 72 5
65 73 4
65 74 1
65 75 1
65 76 3
65 77 1
65 78 2
65 79 3
65 80 5
65 81 5
65 82 2
65 83 3
65 84 3
65 85 5
65 86 2
65 87 2
65 88 4
65 89 5
65 90 1
65 91 2
65 92 5
65 93 4
65 94 4
65 95 2
65 96 2
65 97 5
65 98 3
65 99 1
65 100 4
66 67 1
66 68 4
66 69 1
66 70 2
66 71 2
66 72 1
66 73 5
66 74 2
66 75 2
66 76 2
66 77 1
66 78 3
66 79 3
66 80 5
66 81 3
66 82 2
66 83 1
66 84 1
66 85 4
66 86 3
66 87 5
66 88 3
66 89 2
66 90 1
66 91 2
66 92 4
66 93 5
66 94 5
66 95 2
66 96 3
66 97 2
66 98 5
66 99 2
66 100 3
67 68 2
67 69 2
67 70 3
67 71 2
67 72 1
67 73 3
67 74 3
67 75 3
67 76 2
67 77 2
67 78 4
67 79 2
67 80 3
67 81 5
67 82 3
67 83 1
67 84 5
67 85 2
67 86 4
67 87 4
67 88 5
67 89 1
67 90 4
67 91 1
67 92 5
67 93 5
67 94 3
67 95 5
67 96 2
67 97 2
67 98 5
67 99 2
67 100 4
68 69 4
68 70 1
68 71 5
68 72 2
68 73 5
68 74 4
68 75 2
68 76 3
68 77 3
68 78 2
68 79 2
68 80 2
68 81 4
68 82 4
68 83 3
68 84 2
68 85 2
68 86 3
68 87 5
68 88 1
68 89 3
68 90 1
68 91 1
68 92 1
68 93 4
68 94 2
68 95 1
68 96 5
68 97 3
68 98 5
68 99 3
68 100 4
69 70 2
69 71 2
69 72 1
69 73 3
69 74 5
69 75 2
69 76 5
69 77 1
69 78 1
69 79 1
69 80 5
69 81 1
69 82 3
69 83 1
69 84 1
69 85 2
69 86 3
69 87 4
69 88 2
69 89 3
69 90 5
69 91 4
69 92 5
69 93 3
69 94 5
69 95 4
69 96 5
69 97 5
69 98 3
69 99 2
69 100 4
70 71 3
70 72 3
70 73 1
70 74 3
70 75 4
70 76 4
70 77 2
70 78 4
70 79 2
70 80 4
70 81 3
70 82 2
70 83 3
70 84 4
70 85 5
70 86 4
70 87 1
70 88 4
70 89 1
70 90 3
70 91 3
70 92 5
70 93 4
70 94 1
70 95 2
70 96 2
70 97 1
70 98 5
70 99 1
70 100 4
71 72 4
71 73 3
71 74 1
71 75 1
71 76 5
71 77 5
71 78 2
71 79 5
71 80 3
71 81 1
71 82 1
71 83 3
71 84 4
71 85 4
71 86 2
71 87 5
71 88 2
71 89 3
71 90 2
71 91 2
71 92 1
71 93 5
71 94 4
71 95 3
71 96 3
71 97 1
71 98 1
71 99 2
71 100 1
72 73 2
72 74 4
72 75 2
72 76 2
72 77 3
72 78 3
72 79 3
72 80 3
72 81 4
72 82 5
72 83 5
72 84 5
72 85 2
72 86 1
72 87 3
72 88 5
72 89 1
72 90 1
72 91 3
72 92 4
72 93 3
72 94 5
72 95 3
72 96 1
72 97 4
72 98 1
72 99 3
72 100 5
73 74 1
73 75 1
73 76 4
73 77 1
73 78 1
73 79 1
73 80 5
73 81 4
73 82 1
73 83 3
73 84 2
73 85 1
73 86 1
73 87 2
73 88 1
73 89 3
73 90 4
73 91 4
73 92 1
73 93 2
73 94 5
73 95 5
73 96 3
73 97 1
73 98 4
73 99 1
73 100 4
74 75 2
74 76 4
74 77 1
74 78 3
74 79 3
74 80 5
74 81 2
74 82 4
74 83 3
74 84 5
74 85 3
74 86 5
74 87 4
74 88 2
74 89 3
74 90 5
74 91 3
74 92 2
74 93 2
74 94 2
74 95 2
74 96 3
74 97 3
74 98 4
74 99 1
74 100 1
75 76 1
75 77 2
75 78 3
75 79 5
75 80 5
75 81 2
75 82 4
75 83 4
75 84 3
75 85 5
75 86 2
75 87 4
75 88 3
75 89 2
75 90 4
75 91 2
75 92 5
75 93 1
75 94 2
75 95 5
75 96 2
75 97 4
75 98 2
75 99 5
75 100 5
76 77 1
76 78 4
76 79 3
76 80 1
76 81 1
76 82 4
76 83 2
76 84 5
76 85 4
76 86 4
76 87 2
76 88 4
76 89 1
76 90 3
76 91 2
76 92 1
76 93 2
76 94 2
76 95 3
76 96 2
76 97 1
76 98 4
76 99 1
76 100 3
77 78 4
77 79 2
77 80 2
77 81 2
77 82 2
77 83 2
77 84 3
77 85 1
77 86 4
77 87 4
77 88 4
77 89 4
77 90 4
77 91 4
77 92 4
77 93 4
77 94 1
77 95 5
77 96 3
77 97 2
77 98 4
77 99 4
77 100 3
78 79 2
78 80 4
78 81 1
78 82 3
78 83 3
78 84 5
78 85 1
78 86 4
78 87 5
78 88 1
78 89 5
78 90 3
78 91 1
78 92 5
78 93 3
78 94 2
78 95 1
78 96 5
78 97 2
78 98 4
78 99 5
78 100 2
79 80 5
79 81 2
79 82 1
79 83 1
79 84 3
79 85 4
79 86 4
79 87 1
79 88 4
79 89 1
79 90 3
79 91 2
79 92 4
79 93 5
79 94 3
79 95 4
79 96 1
79 97 3
79 98 5
79 99 4
79 100 3
80 81 4
80 82 3
80 83 3
80 84 2
80 85 2
80 86 5
80 87 1
80 88 5
80 89 2
80 90 2
80 91 1
80 92 4
80 93 1
80 94 5
80 95 3
80 96 2
80 97 1
80 98 1
80 99 4
80 100 4
81 82 4
81 83 4
81 84 1
81 85 4
81 86 5
81 87 3
81 88 1
81 89 4
81 90 5
81 91 4
81 92 5
81 93 3
81 94 1
81 95 4
81 96 4
81 97 4
81 98 4
81 99 5
81 100 4
82 83 5
82 84 1
82 85 3
82 86 5
82 87 2
82 88 2
82 89 4
82 90 2
82 91 2
82 92 1
82 93 4
82 94 1
82 95 3
82 96 2
82 97 5
82 98 2
82 99 2
82 100 5
83 84 1
83 85 5
83 86 1
83 87 5
83 88 2
83 89 2
83 90 1
83 91 3
83 92 1
83 93 1
83 94 1
83 95 4
83 96 3
83 97 1
83 98 2
83 99 1
83 100 5
84 85 1
84 86 4
84 87 1
84 88 5
84 89 5
84 90 5
84 91 3
84 92 2
84 93 4
84 94 5
84 95 1
84 96 2
84 97 2
84 98 4
84 99 5
84 100 2
85 86 2
85 87 4
85 88 1
85 89 3
85 90 3
85 91 2
85 92 3
85 93 4
85 94 2
85 95 1
85 96 5
85 97 1
85 98 4
85 99 5
85 100 3
86 87 3
86 88 2
86 89 3
86 90 2
86 91 5
86 92 1
86 93 4
86 94 2
86 95 3
86 96 5
86 97 2
86 98 2
86 99 1
86 100 5
87 88 3
87 89 1
87 90 3
87 91 4
87 92 3
87 93 3
87 94 5
87 95 3
87 96 4
87 97 5
87 98 5
87 99 5
87 100 2
88 89 2
88 90 3
88 91 2
88 92 3
88 93 4
88 94 3
88 95 5
88 96 1
88 97 1
88 98 2
88 99 2
88 100 3
89 90 3
89 91 2
89 92 2
89 93 5
89 94 1
89 95 2
89 96 3
89 97 4
89 98 4
89 99 2
89 100 4
90 91 5
90 92 4
90 93 1
90 94 4
90 95 3
90 96 5
90 97 1
90 98 2
90 99 3
90 100 2
91 92 5
91 93 3
91 94 3
91 95 1
91 96 4
91 97 3
91 98 2
91 99 2
91 100 3
92 93 3
92 94 2
92 95 1
92 96 1
92 97 1
92 98 4
92 99 5
92 100 3
93 94 2
93 95 3
93 96 3
93 97 1
93 98 1
93 99 3
93 100 1
94 95 4
94 96 4
94 97 2
94 98 5
94 99 2
94 100 2
95 96 5
95 97 3
95 98 2
95 99 1
95 100 1
96 97 4
96 98 4
96 99 3
96 100 4
97 98 4
97 99 3
97 100 2
98 99 5
98 100 4
99 100 4
