100 4950
1 2 1
1 3 1
1 4 2
1 5 3
1 6 5
1 7 5
1 8 3
1 9 5
1 10 5
1 11 5
1 12 4
1 13 4
1 14 3
1 15 3
1 16 2
1 17 2
1 18 3
1 19 4
1 20 1
1 21 5
1 22 5
1 23 5
1 24 5
1 25 2
1 26 1
1 27 1
1 28 4
1 29 5
1 30 5
1 31 1
1 32 1
1 33 3
1 34 2
1 35 5
1 36 4
1 37 5
1 38 2
1 39 3
1 40 4
1 41 3
1 42 3
1 43 2
1 44 4
1 45 5
1 46 2
1 47 4
1 48 1
1 49 4
1 50 2
1 51 3
1 52 2
1 53 4
1 54 1
1 55 1
1 56 3
1 57 2
1 58 4
1 59 1
1 60 3
1 61 3
1 62 4
1 63 4
1 64 2
1 65 4
1 66 3
1 67 2
1 68 3
1 69 1
1 70 1
1 71 4
1 72 4
1 73 5
1 74 4
1 75 3
1 76 4
1 77 1
1 78 4
1 79 1
1 80 3
1 81 3
1 82 3
1 83 1
1 84 3
1 85 4
1 86 4
1 87 4
1 88 2
1 89 1
1 90 2
1 91 3
1 92 5
1 93 4
1 94 2
1 95 2
1 96 4
1 97 2
1 98 5
1 99 4
1 100 5
2 3 4
2 4 2
2 5 5
2 6 1
2 7 3
2 8 2
2 9 1
2 10 3
2 11 1
2 12 5
2 13 3
2 14 5
2 15 4
2 16 5
2 17 1
2 18 4
2 19 4
2 20 5
2 21 2
2 22 1
2 23 4
2 24 1
2 25 5
2 26 5
2 27 3
2 28 4
2 29 4
2 30 5
2 31 4
2 32 3
2 33 5
2 34 5
2 35 3
2 36 5
2 37 3
2 38 4
2 39 1
2 40 5
2 41 5
2 42 4
2 43 1
2 44 5
2 45 1
2 46 5
2 47 3
2 48 3
2 49 3
2 50 5
2 51 2
2 52 3
2 53 4
2 54 2
2 55 4
2 56 5
2 57 4
2 58 5
2 59 3
2 60 2
2 61 1
2 62 3
2 63 1
2 64 2
2 65 3
2 66 3
2 67 3
2 68 2
2 69 4
2 70 3
2 71 3
2 72 3
2 73 3
2 74 5
2 75 4
2 76 5
2 77 4
2 78 4
2 79 1
2 80 1
2 81 2
2 82 5
2 83 2
2 84 4
2 85 4
2 86 2
2 87 3
2 88 2
2 89 3
2 90 4
2 91 4
2 92 1
2 93 4
2 94 3
2 95 2
2 96 5
2 97 1
2 98 2
2 99 2
2 100 5
3 4 1
3 5 1
3 6 4
3 7 2
3 8 5
3 9 5
3 10 5
3 11 1
3 12 5
3 13 1
3 14 2
3 15 3
3 16 5
3 17 5
3 18 4
3 19 4
3 20 4
3 21 5
3 22 3
3 23 2
3 24 2
3 25 2
3 26 5
3 27 3
3 28 2
3 29 2
3 30 2
3 31 3
3 32 3
3 33 1
3 34 2
3 35 2
3 36 3
3 37 1
3 38 3
3 39 1
3 40 5
3 41 1
3 42 2
3 43 2
3 44 2
3 45 1
3 46 2
3 47 2
3 48 5
3 49 3
3 50 1
3 51 3
3 52 5
3 53 3
3 54 1
3 55 1
3 56 3
3 57 4
3 58 5
3 59 2
3 60 3
3 61 3
3 62 5
3 63 2
3 64 4
3 65 4
3 66 5
3 67 3
3 68 2
3 69 5
3 70 3
3 71 1
3 72 5
3 73 2
3 74 5
3 75 3
3 76 1
3 77 4
3 78 4
3 79 5
3 80 4
3 81 1
3 82 4
3 83 3
3 84 3
3 85 4
3 86 4
3 87 3
3 88 3
3 89 3
3 90 5
3 91 1
3 92 4
3 93 4
3 94 1
3 95 2
3 96 5
3 97 3
3 98 1
3 99 4
3 100 1
4 5 2
4 6 1
4 7 1
4 8 5
4 9 2
4 10 4
4 11 4
4 12 3
4 13 2
4 14 3
4 15 4
4 16 5
4 17 4
4 18 3
4 19 2
4 20 2
4 21 5
4 22 3
4 23 5
4 24 5
4 25 1
4 26 5
4 27 5
4 28 4
4 29 2
4 30 3
4 31 3
4 32 3
4 33 5
4 34 5
4 35 2
4 36 4
4 37 1
4 38 1
4 39 5
4 40 5
4 41 5
4 42 5
4 43 2
4 44 3
4 45 1
4 46 1
4 47 5
4 48 4
4 49 3
4 50 5
4 51 5
4 52 2
4 53 1
4 54 5
4 55 5
4 56 4
4 57 1
4 58 5
4 59 2
4 60 5
4 61 4
4 62 4
4 63 1
4 64 5
4 65 3
4 66 2
4 67 1
4 68 4
4 69 5
4 70 1
4 71 5
4 72 4
4 73 4
4 74 3
4 75 1
4 76 4
4 77 3
4 78 2
4 79 2
4 80 5
4 81 1
4 82 4
4 83 5
4 84 3
4 85 5
4 86 1
4 87 5
4 88 2
4 89 5
4 90 2
4 91 3
4 92 5
4 93 3
4 94 4
4 95 1
4 96 2
4 97 4
4 98 1
4 99 5
4 100 4
5 6 5
5 7 2
5 8 2
5 9 2
5 10 4
5 11 4
5 12 3
5 13 3
5 14 3
5 15 3
5 16 1
5 17 2
5 18 3
5 19 5
5 20 5
5 21 2
5 22 3
5 23 5
5 24 4
5 25 2
5 26 4
5 27 1
5 28 4
5 29 4
5 30 1
5 31 1
5 32 2
5 33 3
5 34 5
5 35 5
5 36 4
5 37 4
5 38 1
5 39 1
5 40 1
5 41 4
5 42 1
5 43 5
5 44 1
5 45 2
5 46 1
5 47 2
5 48 3
5 49 1
5 50 2
5 51 5
5 52 4
5 53 2
5 54 4
5 55 4
5 56 3
5 57 4
5 58 4
5 59 4
5 60 4
5 61 1
5 62 4
5 63 3
5 64 5
5 65 3
5 66 5
5 67 1
5 68 3
5 69 3
5 70 1
5 71 3
5 72 4
5 73 1
5 74 2
5 75 3
5 76 5
5 77 3
5 78 1
5 79 5
5 80 3
5 81 5
5 82 4
5 83 1
5 84 2
5 85 2
5 86 4
5 87 5
5 88 4
5 89 5
5 90 2
5 91 2
5 92 5
5 93 5
5 94 3
5 95 2
5 96 3
5 97 2
5 98 4
5 99 3
5 100 3
6 7 1
6 8 3
6 9 4
6 10 3
6 11 2
6 12 3
6 13 4
6 14 1
6 15 2
6 16 4
6 17 3
6 18 5
6 19 5
6 20 3
6 21 5
6 22 1
6 23 4
6 24 2
6 25 2
6 26 4
6 27 4
6 28 2
6 29 4
6 30 1
6 31 4
6 32 4
6 33 4
6 34 4
6 35 2
6 36 5
6 37 5
6 38 4
6 39 2
6 40 5
6 41 2
6 42 5
6 43 5
6 44 1
6 45 3
6 46 5
6 47 3
6 48 4
6 49 5
6 50 5
6 51 2
6 52 2
6 53 5
6 54 1
6 55 1
6 56 1
6 57 2
6 58 3
6 59 3
6 60 3
6 61 3
6 62 5
6 63 5
6 64 5
6 65 3
6 66 1
6 67 3
6 68 2
6 69 2
6 70 5
6 71 1
6 72 1
6 73 3
6 74 5
6 75 1
6 76 5
6 77 2
6 78 3
6 79 4
6 80 3
6 81 5
6 82 2
6 83 4
6 84 5
6 85 3
6 86 3
6 87 5
6 88 5
6 89 5
6 90 1
6 91 2
6 92 3
6 93 4
6 94 3
6 95 1
6 96 5
6 97 1
6 98 3
6 99 1
6 100 3
7 8 4
7 9 1
7 10 2
7 11 4
7 12 1
7 13 4
7 14 1
7 15 1
7 16 2
7 17 2
7 18 2
7 19 3
7 20 5
7 21 3
7 22 2
7 23 2
7 24 3
7 25 4
7 26 1
7 27 1
7 28 2
7 29 3
7 30 2
7 31 1
7 32 4
7 33 5
7 34 5
7 35 3
7 36 1
7 37 5
7 38 2
7 39 1
7 40 3
7 41 3
7 42 2
7 43 3
7 44 1
7 45 1
7 46 5
7 47 5
7 48 5
7 49 4
7 50 1
7 51 2
7 52 1
7 53 2
7 54 5
7 55 2
7 56 4
7 57 2
7 58 1
7 59 1
7 60 3
7 61 5
7 62 1
7 63 4
7 64 1
7 65 1
7 66 1
7 67 3
7 68 5
7 69 4
7 70 2
7 71 4
7 72 3
7 73 3
7 74 2
7 75 4
7 76 5
7 77 2
7 78 1
7 79 3
7 80 3
7 81 5
7 82 3
7 83 5
7 84 5
7 85 1
7 86 4
7 87 5
7 88 4
7 89 2
7 90 1
7 91 3
7 92 2
7 93 1
7 94 1
7 95 5
7 96 1
7 97 1
7 98 3
7 99 2
7 100 5
8 9 2
8 10 3
8 11 1
8 12 3
8 13 4
8 14 2
8 15 1
8 16 3
8 17 5
8 18 1
8 19 4
8 20 1
8 21 5
8 22 2
8 23 4
8 24 1
8 25 4
8 26 5
8 27 2
8 28 4
8 29 2
8 30 1
8 31 5
8 32 5
8 33 2
8 34 1
8 35 1
8 36 1
8 37 3
8 38 3
8 39 5
8 40 4
8 41 1
8 42 1
8 43 3
8 44 2
8 45 1
8 46 4
8 47 1
8 48 1
8 49 1
8 50 1
8 51 4
8 52 1
8 53 3
8 54 3
8 55 2
8 56 5
8 57 4
8 58 5
8 59 4
8 60 2
8 61 4
8 62 4
8 63 1
8 64 2
8 65 5
8 66 2
8 67 1
8 68 2
8 69 5
8 70 1
8 71 5
8 72 2
8 73 5
8 74 1
8 75 4
8 76 2
8 77 4
8 78 3
8 79 5
8 80 2
8 81 4
8 82 3
8 83 4
8 84 3
8 85 3
8 86 2
8 87 4
8 88 1
8 89 5
8 90 5
8 91 2
8 92 1
8 93 1
8 94 5
8 95 5
8 96 2
8 97 4
8 98 1
8 99 4
8 100 4
9 10 2
9 11 4
9 12 5
9 13 4
9 14 3
9 15 2
9 16 4
9 17 4
9 18 5
9 19 2
9 20 3
9 21 4
9 22 3
9 23 4
9 24 2
9 25 3
9 26 2
9 27 3
9 28 4
9 29 2
9 30 1
9 31 5
9 32 1
9 33 3
9 34 2
9 35 3
9 36 2
9 37 3
9 38 5
9 39 5
9 40 3
9 41 5
9 42 2
9 43 1
9 44 5
9 45 5
9 46 3
9 47 3
9 48 4
9 49 5
9 50 1
9 51 3
9 52 1
9 53 1
9 54 4
9 55 2
9 56 4
9 57 1
9 58 5
9 59 5
9 60 2
9 61 2
9 62 3
9 63 1
9 64 3
9 65 1
9 66 4
9 67 5
9 68 4
9 69 3
9 70 2
9 71 5
9 72 2
9 73 4
9 74 4
9 75 4
9 76 3
9 77 1
9 78 3
9 79 5
9 80 1
9 81 4
9 82 5
9 83 2
9 84 4
9 85 4
9 86 4
9 87 5
9 88 1
9 89 3
9 90 2
9 91 3
9 92 4
9 93 1
9 94 5
9 95 2
9 96 3
9 97 3
9 98 2
9 99 4
9 100 4
10 11 5
10 12 4
10 13 2
10 14 3
10 15 2
10 16 5
10 17 2
10 18 4
10 19 1
10 20 3
10 21 3
10 22 4
10 23 2
10 24 4
10 25 2
10 26 3
10 27 4
10 28 1
10 29 1
10 30 1
10 31 2
10 32 4
10 33 5
10 34 5
10 35 1
10 36 5
10 37 1
10 38 2
10 39 2
10 40 2
10 41 4
10 42 4
10 43 3
10 44 5
10 45 5
10 46 3
10 47 1
10 48 3
10 49 3
10 50 3
10 51 3
10 52 2
10 53 5
10 54 4
10 55 5
10 56 2
10 57 2
10 58 1
10 59 2
10 60 4
10 61 4
10 62 3
10 63 2
10 64 2
10 65 5
10 66 5
10 67 5
10 68 4
10 69 3
10 70 2
10 71 4
10 72 4
10 73 3
10 74 4
10 75 4
10 76 1
10 77 3
10 78 2
10 79 3
10 80 3
10 81 4
10 82 2
10 83 4
10 84 2
10 85 5
10 86 3
10 87 4
10 88 3
10 89 4
10 90 4
10 91 3
10 92 2
10 93 1
10 94 4
10 95 3
10 96 1
10 97 2
10 98 4
10 99 3
10 100 5
11 12 5
11 13 3
11 14 3
11 15 5
11 16 1
11 17 1
11 18 3
11 19 3
11 20 3
11 21 5
11 22 5
11 23 4
11 24 4
11 25 4
11 26 1
11 27 1
11 28 5
11 29 3
11 30 3
11 31 3
11 32 5
11 33 2
11 34 1
11 35 2
11 36 3
11 37 3
11 38 4
11 39 5
11 40 4
11 41 3
11 42 2
11 43 2
11 44 3
11 45 2
11 46 1
11 47 4
11 48 5
11 49 1
11 50 3
11 51 2
11 52 3
11 53 5
11 54 2
11 55 4
11 56 4
11 57 3
11 58 3
11 59 2
11 60 4
11 61 3
11 62 4
11 63 2
11 64 3
11 65 1
11 66 3
11 67 1
11 68 2
11 69 1
11 70 5
11 71 2
11 72 5
11 73 3
11 74 3
11 75 1
11 76 5
11 77 5
11 78 4
11 79 4
11 80 5
11 81 3
11 82 1
11 83 2
11 84 4
11 85 3
11 86 5
11 87 4
11 88 2
11 89 1
11 90 4
11 91 4
11 92 2
11 93 2
11 94 3
11 95 3
11 96 5
11 97 2
11 98 1
11 99 2
11 100 1
12 13 3
12 14 2
12 15 1
12 16 1
12 17 2
12 18 4
12 19 3
12 20 5
12 21 2
12 22 1
12 23 3
12 24 4
12 25 3
12 26 2
12 27 4
12 28 4
12 29 5
12 30 4
12 31 1
12 32 4
12 33 2
12 34 2
12 35 1
12 36 4
12 37 5
12 38 1
12 39 2
12 40 1
12 41 4
12 42 1
12 43 5
12 44 3
12 45 2
12 46 2
12 47 3
12 48 3
12 49 5
12 50 4
12 51 2
12 52 1
12 53 1
12 54 1
12 55 2
12 56 3
12 57 5
12 58 3
12 59 2
12 60 1
12 61 4
12 62 5
12 63 4
12 64 3
12 65 4
12 66 1
12 67 1
12 68 2
12 69 4
12 70 3
12 71 4
12 72 1
12 73 1
12 74 1
12 75 1
12 76 4
12 77 2
12 78 3
12 79 3
12 80 5
12 81 2
12 82 3
12 83 5
12 84 3
12 85 5
12 86 1
12 87 1
12 88 3
12 89 2
12 90 2
12 91 4
12 92 5
12 93 3
12 94 3
12 95 1
12 96 3
12 97 5
12 98 5
12 99 5
12 100 1
13 14 5
13 15 4
13 16 5
13 17 1
13 18 5
13 19 1
13 20 3
13 21 2
13 22 5
13 23 3
13 24 2
13 25 3
13 26 1
13 27 5
13 28 3
13 29 4
13 30 1
13 31 3
13 32 2
13 33 1
13 34 1
13 35 3
13 36 3
13 37 2
13 38 3
13 39 4
13 40 1
13 41 2
13 42 4
13 43 4
13 44 5
13 45 4
13 46 5
13 47 1
13 48 4
13 49 2
13 50 2
13 51 5
13 52 4
13 53 5
13 54 5
13 55 1
13 56 2
13 57 5
13 58 5
13 59 4
13 60 2
13 61 1
13 62 5
13 63 1
13 64 5
13 65 2
13 66 5
13 67 1
13 68 4
13 69 3
13 70 4
13 71 4
13 72 5
13 73 5
13 74 4
13 75 5
13 76 4
13 77 3
13 78 1
13 79 2
13 80 4
13 81 2
13 82 2
13 83 4
13 84 5
13 85 4
13 86 2
13 87 2
13 88 4
13 89 5
13 90 2
13 91 5
13 92 5
13 93 4
13 94 5
13 95 1
13 96 1
13 97 4
13 98 3
13 99 5
13 100 3
14 15 5
14 16 1
14 17 4
14 18 1
14 19 1
14 20 2
14 21 5
14 22 4
14 23 3
14 24 2
14 25 4
14 26 5
14 27 5
14 28 2
14 29 4
14 30 4
14 31 4
14 32 1
14 33 5
14 34 2
14 35 1
14 36 3
14 37 4
14 38 4
14 39 3
14 40 4
14 41 1
14 42 4
14 43 3
14 44 2
14 45 4
14 46 5
14 47 5
14 48 3
14 49 4
14 50 2
14 51 4
14 52 1
14 53 1
14 54 2
14 55 5
14 56 3
14 57 2
14 58 1
14 59 1
14 60 1
14 61 5
14 62 4
14 63 2
14 64 5
14 65 4
14 66 3
14 67 5
14 68 3
14 69 4
14 70 2
14 71 5
14 72 1
14 73 4
14 74 2
14 75 4
14 76 3
14 77 2
14 78 5
14 79 5
14 80 4
14 81 1
14 82 4
14 83 1
14 84 1
14 85 1
14 86 4
14 87 3
14 88 1
14 89 2
14 90 1
14 91 1
14 92 3
14 93 4
14 94 5
14 95 3
14 96 1
14 97 2
14 98 1
14 99 2
14 100 1
15 16 3
15 17 2
15 18 1
15 19 4
15 20 1
15 21 2
15 22 2
15 23 2
15 24 2
15 25 3
15 26 1
15 27 3
15 28 3
15 29 4
15 30 1
15 31 1
15 32 1
15 33 1
15 34 5
15 35 1
15 36 3
15 37 5
15 38 2
15 39 2
15 40 1
15 41 5
15 42 5
15 43 5
15 44 3
15 45 3
15 46 2
15 47 2
15 48 4
15 49 1
15 50 1
15 51 1
15 52 1
15 53 2
15 54 4
15 55 4
15 56 3
15 57 3
15 58 1
15 59 2
15 60 4
15 61 3
15 62 5
15 63 4
15 64 1
15 65 4
15 66 3
15 67 1
15 68 1
15 69 4
15 70 2
15 71 5
15 72 4
15 73 4
15 74 4
15 75 2
15 76 5
15 77 5
15 78 3
15 79 2
15 80 5
15 81 4
15 82 5
15 83 3
15 84 2
15 85 2
15 86 3
15 87 3
15 88 1
15 89 5
15 90 2
15 91 3
15 92 4
15 93 3
15 94 3
15 95 1
15 96 2
15 97 4
15 98 4
15 99 3
15 100 3
16 17 3
16 18 3
16 19 5
16 20 4
16 21 3
16 22 4
16 23 4
16 24 1
16 25 3
16 26 5
16 27 5
16 28 2
16 29 1
16 30 3
16 31 1
16 32 1
16 33 1
16 34 5
16 35 3
16 36 3
16 37 1
16 38 3
16 39 3
16 40 2
16 41 3
16 42 3
16 43 1
16 44 4
16 45 1
16 46 1
16 47 3
16 48 5
16 49 2
16 50 2
16 51 4
16 52 3
16 53 1
16 54 1
16 55 4
16 56 3
16 57 5
16 58 4
16 59 1
16 60 4
16 61 4
16 62 3
16 63 3
16 64 4
16 65 4
16 66 3
16 67 5
16 68 5
16 69 2
16 70 1
16 71 2
16 72 4
16 73 3
16 74 3
16 75 3
16 76 3
16 77 4
16 78 4
16 79 3
16 80 5
16 81 3
16 82 3
16 83 4
16 84 2
16 85 4
16 86 4
16 87 1
16 88 5
16 89 2
16 90 5
16 91 1
16 92 4
16 93 2
16 94 1
16 95 5
16 96 3
16 97 3
16 98 1
16 99 3
16 100 2
17 18 4
17 19 2
17 20 5
17 21 2
17 22 5
17 23 4
17 24 2
17 25 4
17 26 2
17 27 2
17 28 4
17 29 3
17 30 1
17 31 5
17 32 2
17 33 4
17 34 5
17 35 2
17 36 3
17 37 1
17 38 5
17 39 1
17 40 1
17 41 4
17 42 3
17 43 4
17 44 4
17 45 2
17 46 5
17 47 2
17 48 4
17 49 4
17 50 3
17 51 3
17 52 1
17 53 2
17 54 4
17 55 4
17 56 1
17 57 4
17 58 1
17 59 2
17 60 3
17 61 2
17 62 3
17 63 4
17 64 3
17 65 3
17 66 1
17 67 4
17 68 3
17 69 1
17 70 5
17 71 3
17 72 4
17 73 5
17 74 4
17 75 3
17 76 4
17 77 5
17 78 4
17 79 1
17 80 5
17 81 3
17 82 4
17 83 3
17 84 4
17 85 2
17 86 5
17 87 1
17 88 1
17 89 4
17 90 4
17 91 4
17 92 1
17 93 3
17 94 1
17 95 4
17 96 2
17 97 2
17 98 3
17 99 4
17 100 5
18 19 5
18 20 1
18 21 5
18 22 3
18 23 4
18 24 1
18 25 1
18 26 4
18 27 4
18 28 2
18 29 5
18 30 4
18 31 3
18 32 4
18 33 1
18 34 1
18 35 2
18 36 2
18 37 2
18 38 5
18 39 1
18 40 2
18 41 4
18 42 5
18 43 1
18 44 4
18 45 4
18 46 5
18 47 2
18 48 4
18 49 4
18 50 4
18 51 2
18 52 3
18 53 2
18 54 4
18 55 2
18 56 4
18 57 4
18 58 2
18 59 1
18 60 2
18 61 4
18 62 2
18 63 1
18 64 4
18 65 2
18 66 1
18 67 5
18 68 1
18 69 4
18 70 2
18 71 2
18 72 2
18 73 2
18 74 3
18 75 4
18 76 1
18 77 4
18 78 3
18 79 3
18 80 3
18 81 3
18 82 2
18 83 1
18 84 2
18 85 5
18 86 4
18 87 1
18 88 2
18 89 3
18 90 4
18 91 5
18 92 5
18 93 5
18 94 3
18 95 1
18 96 5
18 97 2
18 98 5
18 99 4
18 100 1
19 20 2
19 21 5
19 22 4
19 23 5
19 24 1
19 25 3
19 26 2
19 27 1
19 28 4
19 29 3
19 30 3
19 31 3
19 32 3
19 33 2
19 34 4
19 35 3
19 36 3
19 37 1
19 38 1
19 39 4
19 40 2
19 41 3
19 42 2
19 43 2
19 44 3
19 45 5
19 46 3
19 47 4
19 48 5
19 49 5
19 50 1
19 51 3
19 52 2
19 53 4
19 54 3
19 55 3
19 56 3
19 57 3
19 58 1
19 59 2
19 60 2
19 61 1
19 62 3
19 63 4
19 64 2
19 65 3
19 66 1
19 67 4
19 68 2
19 69 5
19 70 5
19 71 4
19 72 5
19 73 5
19 74 5
19 75 3
19 76 3
19 77 4
19 78 1
19 79 2
19 80 3
19 81 4
19 82 4
19 83 5
19 84 3
19 85 1
19 86 3
19 87 1
19 88 2
19 89 1
19 90 5
19 91 2
19 92 2
19 93 1
19 94 1
19 95 2
19 96 2
19 97 4
19 98 3
19 99 3
19 100 5
20 21 4
20 22 4
20 23 5
20 24 1
20 25 4
20 26 4
20 27 5
20 28 3
20 29 2
20 30 5
20 31 5
20 32 1
20 33 3
20 34 4
20 35 1
20 36 3
20 37 2
20 38 1
20 39 5
20 40 1
20 41 3
20 42 2
20 43 3
20 44 2
20 45 5
20 46 5
20 47 1
20 48 5
20 49 4
20 50 3
20 51 2
20 52 2
20 53 4
20 54 1
20 55 1
20 56 1
20 57 1
20 58 1
20 59 5
20 60 5
20 61 5
20 62 3
20 63 2
20 64 1
20 65 1
20 66 3
20 67 5
20 68 1
20 69 1
20 70 4
20 71 4
20 72 1
20 73 4
20 74 3
20 75 4
20 76 1
20 77 2
20 78 5
20 79 2
20 80 1
20 81 2
20 82 1
20 83 1
20 84 1
20 85 5
20 86 4
20 87 2
20 88 4
20 89 5
20 90 2
20 91 5
20 92 1
20 93 2
20 94 5
20 95 1
20 96 3
20 97 2
20 98 3
20 99 3
20 100 5
21 22 1
21 23 4
21 24 5
21 25 4
21 26 1
21 27 5
21 28 2
21 29 5
21 30 4
21 31 1
21 32 2
21 33 3
21 34 2
21 35 2
21 36 1
21 37 2
21 38 3
21 39 2
21 40 3
21 41 5
21 42 2
21 43 1
21 44 3
21 45 2
21 46 4
21 47 5
21 48 4
21 49 5
21 50 5
21 51 1
21 52 2
21 53 2
21 54 4
21 55 3
21 56 1
21 57 2
21 58 1
21 59 3
21 60 4
21 61 5
21 62 3
21 63 1
21 64 3
21 65 3
21 66 5
21 67 3
21 68 2
21 69 3
21 70 5
21 71 5
21 72 4
21 73 4
21 74 3
21 75 1
21 76 3
21 77 3
21 78 3
21 79 3
21 80 5
21 81 4
21 82 4
21 83 5
21 84 3
21 85 2
21 86 3
21 87 4
21 88 2
21 89 5
21 90 1
21 91 3
21 92 2
21 93 5
21 94 1
21 95 3
21 96 4
21 97 2
21 98 4
21 99 1
21 100 4
22 23 3
22 24 1
22 25 4
22 26 4
22 27 3
22 28 4
22 29 1
22 30 1
22 31 5
22 32 5
22 33 1
22 34 3
22 35 3
22 36 3
22 37 3
22 38 2
22 39 2
22 40 3
22 41 4
22 42 2
22 43 5
22 44 5
22 45 1
22 46 3
22 47 4
22 48 1
22 49 2
22 50 3
22 51 5
22 52 2
22 53 4
22 54 4
22 55 5
22 56 1
22 57 5
22 58 4
22 59 2
22 60 1
22 61 2
22 62 5
22 63 3
22 64 3
22 65 3
22 66 2
22 67 5
22 68 3
22 69 3
22 70 5
22 71 5
22 72 4
22 73 3
22 74 3
22 75 3
22 76 3
22 77 2
22 78 1
22 79 3
22 80 4
22 81 3
22 82 1
22 83 5
22 84 3
22 85 3
22 86 5
22 87 2
22 88 4
22 89 5
22 90 1
22 91 4
22 92 1
22 93 1
22 94 5
22 95 2
22 96 1
22 97 3
22 98 3
22 99 3
22 100 1
23 24 4
23 25 3
23 26 3
23 27 1
23 28 1
23 29 4
23 30 1
23 31 3
23 32 5
23 33 5
23 34 3
23 35 5
23 36 1
23 37 3
23 38 5
23 39 1
23 40 3
23 41 2
23 42 1
23 43 2
23 44 3
23 45 2
23 46 2
23 47 5
23 48 3
23 49 2
23 50 5
23 51 4
23 52 1
23 53 3
23 54 2
23 55 5
23 56 1
23 57 5
23 58 4
23 59 4
23 60 5
23 61 1
23 62 2
23 63 1
23 64 3
23 65 4
23 66 4
23 67 4
23 68 3
23 69 1
23 70 3
23 71 5
23 72 5
23 73 4
23 74 3
23 75 2
23 76 3
23 77 4
23 78 4
23 79 5
23 80 5
23 81 4
23 82 2
23 83 5
23 84 4
23 85 4
23 86 2
23 87 5
23 88 3
23 89 3
23 90 1
23 91 3
23 92 4
23 93 3
23 94 4
23 95 2
23 96 1
23 97 2
23 98 2
23 99 3
23 100 4
24 25 3
24 26 5
24 27 1
24 28 2
24 29 2
24 30 2
24 31 2
24 32 3
24 33 2
24 34 4
24 35 5
24 36 5
24 37 5
24 38 3
24 39 2
24 40 1
24 41 3
24 42 1
24 43 4
24 44 4
24 45 3
24 46 5
24 47 2
24 48 3
24 49 1
24 50 4
24 51 2
24 52 2
24 53 4
24 54 5
24 55 1
24 56 3
24 57 3
24 58 4
24 59 3
24 60 1
24 61 5
24 62 3
24 63 1
24 64 3
24 65 1
24 66 4
24 67 4
24 68 1
24 69 3
24 70 1
24 71 5
24 72 5
24 73 4
24 74 4
24 75 3
24 76 2
24 77 4
24 78 3
24 79 2
24 80 2
24 81 1
24 82 4
24 83 5
24 84 2
24 85 4
24 86 3
24 87 2
24 88 1
24 89 1
24 90 4
24 91 4
24 92 1
24 93 1
24 94 1
24 95 2
24 96 3
24 97 5
24 98 3
24 99 4
24 100 1
25 26 1
25 27 3
25 28 5
25 29 1
25 30 3
25 31 5
25 32 3
25 33 1
25 34 2
25 35 5
25 36 4
25 37 2
25 38 4
25 39 1
25 40 2
25 41 5
25 42 1
25 43 2
25 44 2
25 45 3
25 46 2
25 47 2
25 48 1
25 49 2
25 50 3
25 51 5
25 52 4
25 53 3
25 54 2
25 55 4
25 56 5
25 57 5
25 58 4
25 59 4
25 60 1
25 61 5
25 62 3
25 63 4
25 64 4
25 65 4
25 66 1
25 67 4
25 68 3
25 69 1
25 70 3
25 71 1
25 72 3
25 73 5
25 74 3
25 75 1
25 76 5
25 77 5
25 78 1
25 79 1
25 80 5
25 81 5
25 82 5
25 83 2
25 84 4
25 85 2
25 86 3
25 87 5
25 88 3
25 89 1
25 90 5
25 91 5
25 92 3
25 93 4
25 94 2
25 95 4
25 96 3
25 97 4
25 98 2
25 99 2
25 100 4
26 27 5
26 28 3
26 29 1
26 30 3
26 31 4
26 32 3
26 33 3
26 34 5
26 35 3
26 36 3
26 37 1
26 38 4
26 39 4
26 40 5
26 41 2
26 42 5
26 43 4
26 44 1
26 45 4
26 46 5
26 47 5
26 48 4
26 49 2
26 50 1
26 51 5
26 52 2
26 53 5
26 54 3
26 55 1
26 56 4
26 57 3
26 58 5
26 59 3
26 60 5
26 61 2
26 62 4
26 63 2
26 64 2
26 65 5
26 66 1
26 67 5
26 68 4
26 69 1
26 70 1
26 71 4
26 72 5
26 73 1
26 74 4
26 75 2
26 76 3
26 77 1
26 78 4
26 79 4
26 80 1
26 81 3
26 82 3
26 83 2
26 84 1
26 85 3
26 86 2
26 87 4
26 88 2
26 89 3
26 90 2
26 91 2
26 92 5
26 93 3
26 94 2
26 95 3
26 96 5
26 97 1
26 98 1
26 99 4
26 100 5
27 28 4
27 29 4
27 30 2
27 31 5
27 32 4
27 33 5
27 34 4
27 35 2
27 36 5
27 37 5
27 38 4
27 39 1
27 40 3
27 41 3
27 42 1
27 43 4
27 44 4
27 45 2
27 46 5
27 47 2
27 48 2
27 49 1
27 50 1
27 51 5
27 52 1
27 53 3
27 54 2
27 55 4
27 56 5
27 57 2
27 58 4
27 59 2
27 60 3
27 61 3
27 62 4
27 63 3
27 64 3
27 65 3
27 66 2
27 67 2
27 68 1
27 69 2
27 70 1
27 71 3
27 72 5
27 73 2
27 74 3
27 75 2
27 76 5
27 77 5
27 78 5
27 79 1
27 80 3
27 81 4
27 82 2
27 83 3
27 84 3
27 85 4
27 86 1
27 87 2
27 88 1
27 89 1
27 90 4
27 91 2
27 92 4
27 93 5
27 94 4
27 95 5
27 96 3
27 97 3
27 98 4
27 99 3
27 100 2
28 29 2
28 30 1
28 31 2
28 32 1
28 33 1
28 34 5
28 35 5
28 36 5
28 37 3
28 38 3
28 39 1
28 40 1
28 41 5
28 42 2
28 43 5
28 44 5
28 45 3
28 46 4
28 47 5
28 48 5
28 49 1
28 50 5
28 51 3
28 52 4
28 53 2
28 54 3
28 55 2
28 56 2
28 57 4
28 58 4
28 59 2
28 60 2
28 61 2
28 62 3
28 63 5
28 64 3
28 65 4
28 66 5
28 67 5
28 68 5
28 69 4
28 70 1
28 71 2
28 72 2
28 73 2
28 74 5
28 75 4
28 76 5
28 77 2
28 78 2
28 79 3
28 80 1
28 81 4
28 82 3
28 83 3
28 84 4
28 85 5
28 86 2
28 87 1
28 88 1
28 89 1
28 90 5
28 91 4
28 92 3
28 93 4
28 94 1
28 95 2
28 96 5
28 97 1
28 98 4
28 99 5
28 100 1
29 30 3
29 31 4
29 32 3
29 33 2
29 34 1
29 35 1
29 36 4
29 37 1
29 38 4
29 39 2
29 40 5
29 41 3
29 42 4
29 43 3
29 44 4
29 45 4
29 46 3
29 47 3
29 48 5
29 49 2
29 50 1
29 51 3
29 52 2
29 53 2
29 54 2
29 55 1
29 56 3
29 57 2
29 58 2
29 59 4
29 60 4
29 61 5
29 62 4
29 63 3
29 64 3
29 65 2
29 66 3
29 67 4
29 68 2
29 69 5
29 70 1
29 71 2
29 72 4
29 73 1
29 74 4
29 75 1
29 76 5
29 77 1
29 78 1
29 79 4
29 80 4
29 81 5
29 82 2
29 83 4
29 84 2
29 85 3
29 86 1
29 87 2
29 88 3
29 89 3
29 90 3
29 91 4
29 92 2
29 93 5
29 94 3
29 95 3
29 96 5
29 97 5
29 98 2
29 99 2
29 100 5
30 31 5
30 32 4
30 33 3
30 34 5
30 35 3
30 36 4
30 37 5
30 38 3
30 39 4
30 40 1
30 41 1
30 42 5
30 43 4
30 44 1
30 45 1
30 46 3
30 47 3
30 48 4
30 49 3
30 50 1
30 51 4
30 52 4
30 53 5
30 54 3
30 55 3
30 56 2
30 57 3
30 58 4
30 59 4
30 60 5
30 61 2
30 62 1
30 63 4
30 64 2
30 65 1
30 66 4
30 67 4
30 68 1
30 69 4
30 70 1
30 71 1
30 72 3
30 73 1
30 74 3
30 75 3
30 76 4
30 77 1
30 78 3
30 79 5
30 80 2
30 81 4
30 82 1
30 83 3
30 84 3
30 85 2
30 86 4
30 87 5
30 88 3
30 89 2
30 90 1
30 91 2
30 92 3
30 93 2
30 94 4
30 95 5
30 96 3
30 97 5
30 98 2
30 99 5
30 100 4
31 32 4
31 33 4
31 34 3
31 35 5
31 36 4
31 37 5
31 38 3
31 39 1
31 40 1
31 41 2
31 42 2
31 43 4
31 44 1
31 45 2
31 46 5
31 47 3
31 48 4
31 49 3
31 50 4
31 51 4
31 52 3
31 53 5
31 54 1
31 55 2
31 56 3
31 57 3
31 58 1
31 59 2
31 60 4
31 61 2
31 62 4
31 63 2
31 64 1
31 65 4
31 66 1
31 67 5
31 68 2
31 69 4
31 70 2
31 71 4
31 72 4
31 73 3
31 74 5
31 75 3
31 76 1
31 77 4
31 78 2
31 79 3
31 80 5
31 81 4
31 82 2
31 83 5
31 84 4
31 85 5
31 86 2
31 87 3
31 88 2
31 89 5
31 90 5
31 91 1
31 92 1
31 93 1
31 94 1
31 95 1
31 96 2
31 97 3
31 98 2
31 99 4
31 100 2
32 33 1
32 34 2
32 35 1
32 36 4
32 37 2
32 38 5
32 39 5
32 40 4
32 41 4
32 42 1
32 43 5
32 44 2
32 45 1
32 46 2
32 47 3
32 48 4
32 49 5
32 50 5
32 51 5
32 52 3
32 53 2
32 54 3
32 55 3
32 56 1
32 57 1
32 58 2
32 59 2
32 60 2
32 61 2
32 62 1
32 63 3
32 64 1
32 65 2
32 66 4
32 67 4
32 68 4
32 69 1
32 70 3
32 71 5
32 72 4
32 73 4
32 74 5
32 75 5
32 76 3
32 77 1
32 78 5
32 79 5
32 80 2
32 81 4
32 82 3
32 83 4
32 84 1
32 85 4
32 86 2
32 87 2
32 88 2
32 89 4
32 90 1
32 91 3
32 92 1
32 93 4
32 94 4
32 95 1
32 96 1
32 97 5
32 98 2
32 99 3
32 100 1
33 34 3
33 35 2
33 36 3
33 37 2
33 38 4
33 39 4
33 40 1
33 41 2
33 42 5
33 43 5
33 44 1
33 45 2
33 46 4
33 47 3
33 48 1
33 49 2
33 50 3
33 51 1
33 52 1
33 53 5
33 54 2
33 55 3
33 56 2
33 57 4
33 58 1
33 59 3
33 60 1
33 61 4
33 62 3
33 63 1
33 64 1
33 65 4
33 66 4
33 67 3
33 68 3
33 69 1
33 70 1
33 71 1
33 72 5
33 73 4
33 74 3
33 75 5
33 76 4
33 77 3
33 78 3
33 79 5
33 80 1
33 81 3
33 82 4
33 83 1
33 84 5
33 85 1
33 86 3
33 87 4
33 88 5
33 89 1
33 90 5
33 91 1
33 92 5
33 93 3
33 94 5
33 95 3
33 96 3
33 97 1
33 98 5
33 99 4
33 100 2
34 35 3
34 36 1
34 37 5
34 38 1
34 39 4
34 40 2
34 41 3
34 42 3
34 43 5
34 44 2
34 45 4
34 46 4
34 47 1
34 48 2
34 49 2
34 50 4
34 51 5
34 52 2
34 53 3
34 54 4
34 55 5
34 56 4
34 57 3
34 58 1
34 59 1
34 60 2
34 61 1
34 62 2
34 63 2
34 64 4
34 65 4
34 66 3
34 67 5
34 68 4
34 69 2
34 70 4
34 71 5
34 72 2
34 73 5
34 74 4
34 75 1
34 76 4
34 77 1
34 78 4
34 79 2
34 80 4
34 81 3
34 82 3
34 83 3
34 84 2
34 85 4
34 86 4
34 87 1
34 88 3
34 89 4
34 90 1
34 91 5
34 92 1
34 93 1
34 94 4
34 95 3
34 96 4
34 97 2
34 98 5
34 99 1
34 100 5
35 36 1
35 37 5
35 38 2
35 39 5
35 40 2
35 41 3
35 42 2
35 43 1
35 44 3
35 45 3
35 46 1
35 47 5
35 48 1
35 49 1
35 50 5
35 51 1
35 52 4
35 53 5
35 54 4
35 55 2
35 56 2
35 57 4
35 58 5
35 59 3
35 60 5
35 61 4
35 62 5
35 63 3
35 64 4
35 65 2
35 66 2
35 67 1
35 68 3
35 69 2
35 70 2
35 71 5
35 72 4
35 73 4
35 74 2
35 75 1
35 76 5
35 77 1
35 78 5
35 79 3
35 80 5
35 81 3
35 82 3
35 83 5
35 84 3
35 85 1
35 86 4
35 87 5
35 88 1
35 89 1
35 90 1
35 91 4
35 92 1
35 93 1
35 94 2
35 95 3
35 96 4
35 97 3
35 98 2
35 99 4
35 100 3
36 37 1
36 38 3
36 39 4
36 40 2
36 41 4
36 42 2
36 43 4
36 44 2
36 45 3
36 46 1
36 47 5
36 48 3
36 49 2
36 50 4
36 51 1
36 52 2
36 53 3
36 54 2
36 55 3
36 56 5
36 57 4
36 58 1
36 59 1
36 60 4
36 61 5
36 62 3
36 63 5
36 64 5
36 65 3
36 66 2
36 67 2
36 68 1
36 69 3
36 70 3
36 71 1
36 72 4
36 73 4
36 74 2
36 75 2
36 76 4
36 77 4
36 78 2
36 79 1
36 80 5
36 81 3
36 82 4
36 83 3
36 84 2
36 85 2
36 86 1
36 87 3
36 88 5
36 89 3
36 90 3
36 91 3
36 92 3
36 93 4
36 94 2
36 95 1
36 96 3
36 97 3
36 98 1
36 99 1
36 100 4
37 38 3
37 39 1
37 40 4
37 41 2
37 42 1
37 43 3
37 44 5
37 45 1
37 46 3
37 47 4
37 48 5
37 49 4
37 50 1
37 51 4
37 52 5
37 53 3
37 54 5
37 55 2
37 56 2
37 57 4
37 58 5
37 59 4
37 60 4
37 61 3
37 62 2
37 63 4
37 64 4
37 65 2
37 66 1
37 67 3
37 68 5
37 69 4
37 70 3
37 71 3
37 72 4
37 73 2
37 74 5
37 75 5
37 76 3
37 77 5
37 78 2
37 79 2
37 80 2
37 81 1
37 82 2
37 83 5
37 84 4
37 85 1
37 86 1
37 87 3
37 88 2
37 89 4
37 90 3
37 91 5
37 92 1
37 93 2
37 94 4
37 95 3
37 96 5
37 97 2
37 98 5
37 99 4
37 100 3
38 39 5
38 40 1
38 41 3
38 42 2
38 43 5
38 44 2
38 45 3
38 46 1
38 47 3
38 48 4
38 49 2
38 50 3
38 51 2
38 52 4
38 53 5
38 54 1
38 55 4
38 56 3
38 57 3
38 58 1
38 59 3
38 60 5
38 61 1
38 62 3
38 63 3
38 64 4
38 65 2
38 66 5
38 67 4
38 68 5
38 69 1
38 70 4
38 71 2
38 72 4
38 73 3
38 74 5
38 75 1
38 76 3
38 77 5
38 78 4
38 79 4
38 80 4
38 81 5
38 82 1
38 83 3
38 84 2
38 85 1
38 86 5
38 87 2
38 88 3
38 89 5
38 90 2
38 91 3
38 92 1
38 93 1
38 94 3
38 95 3
38 96 3
38 97 2
38 98 4
38 99 2
38 100 2
39 40 5
39 41 2
39 42 1
39 43 3
39 44 3
39 45 4
39 46 5
39 47 4
39 48 5
39 49 3
39 50 1
39 51 4
39 52 4
39 53 5
39 54 3
39 55 1
39 56 5
39 57 1
39 58 1
39 59 2
39 60 4
39 61 4
39 62 2
39 63 5
39 64 2
39 65 2
39 66 5
39 67 3
39 68 3
39 69 5
39 70 5
39 71 5
39 72 4
39 73 5
39 74 1
39 75 2
39 76 2
39 77 1
39 78 2
39 79 3
39 80 4
39 81 4
39 82 2
39 83 5
39 84 5
39 85 4
39 86 2
39 87 2
39 88 5
39 89 1
39 90 2
39 91 2
39 92 4
39 93 5
39 94 3
39 95 4
39 96 2
39 97 1
39 98 4
39 99 5
39 100 4
40 41 5
40 42 2
40 43 3
40 44 2
40 45 1
40 46 3
40 47 1
40 48 3
40 49 4
40 50 3
40 51 2
40 52 2
40 53 2
40 54 3
40 55 2
40 56 1
40 57 4
40 58 3
40 59 2
40 60 2
40 61 3
40 62 3
40 63 3
40 64 1
40 65 1
40 66 4
40 67 3
40 68 3
40 69 2
40 70 2
40 71 5
40 72 1
40 73 1
40 74 2
40 75 1
40 76 1
40 77 4
40 78 2
40 79 5
40 80 4
40 81 3
40 82 5
40 83 4
40 84 3
40 85 4
40 86 5
40 87 4
40 88 1
40 89 1
40 90 3
40 91 5
40 92 2
40 93 4
40 94 2
40 95 4
40 96 1
40 97 2
40 98 5
40 99 3
40 100 3
41 42 2
41 43 1
41 44 2
41 45 1
41 46 1
41 47 3
41 48 1
41 49 4
41 50 1
41 51 4
41 52 2
41 53 3
41 54 5
41 55 3
41 56 2
41 57 1
41 58 5
41 59 2
41 60 4
41 61 1
41 62 2
41 63 5
41 64 5
41 65 5
41 66 1
41 67 4
41 68 5
41 69 2
41 70 3
41 71 4
41 72 5
41 73 2
41 74 1
41 75 2
41 76 5
41 77 1
41 78 2
41 79 3
41 80 2
41 81 1
41 82 1
41 83 5
41 84 2
41 85 2
41 86 3
41 87 2
41 88 2
41 89 4
41 90 2
41 91 5
41 92 5
41 93 3
41 94 3
41 95 3
41 96 5
41 97 2
41 98 4
41 99 1
41 100 3
42 43 3
42 44 3
42 45 5
42 46 2
42 47 5
42 48 1
42 49 5
42 50 5
42 51 1
42 52 1
42 53 5
42 54 2
42 55 4
42 56 1
42 57 5
42 58 2
42 59 3
42 60 5
42 61 5
42 62 1
42 63 4
42 64 3
42 65 3
42 66 1
42 67 4
42 68 3
42 69 3
42 70 2
42 71 5
42 72 5
42 73 4
42 74 5
42 75 4
42 76 2
42 77 2
42 78 5
42 79 3
42 80 1
42 81 1
42 82 3
42 83 2
42 84 3
42 85 4
42 86 2
42 87 3
42 88 1
42 89 5
42 90 3
42 91 5
42 92 1
42 93 5
42 94 2
42 95 4
42 96 1
42 97 4
42 98 5
42 99 2
42 100 4
43 44 4
43 45 2
43 46 2
43 47 4
43 48 3
43 49 5
43 50 4
43 51 5
43 52 2
43 53 5
43 54 1
43 55 5
43 56 4
43 57 4
43 58 2
43 59 3
43 60 5
43 61 3
43 62 2
43 63 5
43 64 2
43 65 3
43 66 4
43 67 1
43 68 3
43 69 4
43 70 2
43 71 3
43 72 5
43 73 4
43 74 5
43 75 2
43 76 4
43 77 3
43 78 1
43 79 2
43 80 1
43 81 3
43 82 3
43 83 4
43 84 4
43 85 2
43 86 5
43 87 2
43 88 4
43 89 3
43 90 2
43 91 3
43 92 3
43 93 1
43 94 5
43 95 4
43 96 3
43 97 2
43 98 1
43 99 5
43 100 4
44 45 2
44 46 4
44 47 3
44 48 5
44 49 1
44 50 1
44 51 3
44 52 2
44 53 2
44 54 4
44 55 3
44 56 4
44 57 1
44 58 4
44 59 2
44 60 1
44 61 1
44 62 4
44 63 5
44 64 2
44 65 4
44 66 5
44 67 4
44 68 3
44 69 4
44 70 2
44 71 3
44 72 1
44 73 5
44 74 5
44 75 2
44 76 5
44 77 2
44 78 2
44 79 4
44 80 5
44 81 4
44 82 2
44 83 1
44 84 2
44 85 1
44 86 2
44 87 1
44 88 5
44 89 5
44 90 5
44 91 2
44 92 5
44 93 2
44 94 1
44 95 5
44 96 2
44 97 2
44 98 1
44 99 3
44 100 4
45 46 3
45 47 5
45 48 3
45 49 3
45 50 5
45 51 2
45 52 2
45 53 4
45 54 2
45 55 3
45 56 2
45 57 2
45 58 5
45 59 3
45 60 3
45 61 1
45 62 4
45 63 1
45 64 3
45 65 4
45 66 2
45 67 4
45 68 3
45 69 2
45 70 2
45 71 3
45 72 4
45 73 2
45 74 2
45 75 1
45 76 5
45 77 3
45 78 5
45 79 4
45 80 1
45 81 3
45 82 5
45 83 3
45 84 1
45 85 3
45 86 1
45 87 5
45 88 5
45 89 2
45 90 5
45 91 1
45 92 5
45 93 2
45 94 3
45 95 2
45 96 3
45 97 4
45 98 1
45 99 2
45 100 2
46 47 5
46 48 2
46 49 1
46 50 2
46 51 3
46 52 3
46 53 2
46 54 2
46 55 4
46 56 2
46 57 2
46 58 3
46 59 1
46 60 3
46 61 5
46 62 4
46 63 5
46 64 5
46 65 1
46 66 2
46 67 1
46 68 5
46 69 3
46 70 5
46 71 5
46 72 2
46 73 4
46 74 1
46 75 5
46 76 5
46 77 5
46 78 3
46 79 5
46 80 5
46 81 3
46 82 1
46 83 2
46 84 4
46 85 2
46 86 3
46 87 4
46 88 1
46 89 5
46 90 3
46 91 1
46 92 1
46 93 2
46 94 3
46 95 1
46 96 3
46 97 4
46 98 1
46 99 1
46 100 3
47 48 5
47 49 3
47 50 2
47 51 2
47 52 3
47 53 5
47 54 2
47 55 4
47 56 2
47 57 3
47 58 2
47 59 5
47 60 3
47 61 2
47 62 1
47 63 5
47 64 5
47 65 2
47 66 2
47 67 1
47 68 4
47 69 2
47 70 1
47 71 1
47 72 1
47 73 4
47 74 3
47 75 4
47 76 4
47 77 5
47 78 1
47 79 3
47 80 2
47 81 1
47 82 2
47 83 1
47 84 2
47 85 2
47 86 5
47 87 2
47 88 2
47 89 4
47 90 3
47 91 5
47 92 1
47 93 3
47 94 3
47 95 1
47 96 1
47 97 1
47 98 4
47 99 1
47 100 4
48 49 4
48 50 1
48 51 3
48 52 2
48 53 2
48 54 3
48 55 5
48 56 5
48 57 3
48 58 5
48 59 4
48 60 2
48 61 2
48 62 2
48 63 4
48 64 3
48 65 3
48 66 4
48 67 4
48 68 2
48 69 3
48 70 3
48 71 1
48 72 5
48 73 1
48 74 5
48 75 2
48 76 4
48 77 5
48 78 1
48 79 1
48 80 2
48 81 3
48 82 5
48 83 4
48 84 4
48 85 3
48 86 3
48 87 5
48 88 5
48 89 2
48 90 5
48 91 5
48 92 3
48 93 4
48 94 2
48 95 4
48 96 5
48 97 3
48 98 1
48 99 5
48 100 4
49 50 3
49 51 5
49 52 2
49 53 4
49 54 5
49 55 5
49 56 2
49 57 5
49 58 2
49 59 3
49 60 2
49 61 4
49 62 1
49 63 4
49 64 3
49 65 1
49 66 3
49 67 2
49 68 5
49 69 1
49 70 3
49 71 2
49 72 5
49 73 5
49 74 5
49 75 4
49 76 1
49 77 5
49 78 2
49 79 1
49 80 4
49 81 4
49 82 3
49 83 2
49 84 5
49 85 3
49 86 1
49 87 3
49 88 3
49 89 2
49 90 4
49 91 2
49 92 3
49 93 5
49 94 3
49 95 4
49 96 3
49 97 5
49 98 3
49 99 3
49 100 5
50 51 3
50 52 5
50 53 2
50 54 4
50 55 1
50 56 4
50 57 4
50 58 4
50 59 3
50 60 5
50 61 1
50 62 1
50 63 4
50 64 4
50 65 3
50 66 5
50 67 2
50 68 2
50 69 1
50 70 2
50 71 3
50 72 2
50 73 3
50 74 5
50 75 2
50 76 5
50 77 5
50 78 4
50 79 4
50 80 4
50 81 2
50 82 3
50 83 4
50 84 5
50 85 1
50 86 4
50 87 5
50 88 3
50 89 3
50 90 2
50 91 5
50 92 5
50 93 1
50 94 4
50 95 2
50 96 1
50 97 2
50 98 2
50 99 1
50 100 3
51 52 4
51 53 4
51 54 3
51 55 2
51 56 2
51 57 4
51 58 2
51 59 3
51 60 3
51 61 5
51 62 1
51 63 5
51 64 3
51 65 4
51 66 5
51 67 5
51 68 5
51 69 1
51 70 2
51 71 5
51 72 4
51 73 1
51 74 4
51 75 5
51 76 3
51 77 2
51 78 4
51 79 1
51 80 4
51 81 1
51 82 5
51 83 2
51 84 1
51 85 5
51 86 4
51 87 5
51 88 1
51 89 2
51 90 5
51 91 5
51 92 1
51 93 2
51 94 1
51 95 5
51 96 5
51 97 5
51 98 4
51 99 3
51 100 2
52 53 5
52 54 5
52 55 4
52 56 1
52 57 2
52 58 5
52 59 5
52 60 5
52 61 3
52 62 2
52 63 4
52 64 2
52 65 1
52 66 5
52 67 2
52 68 4
52 69 3
52 70 4
52 71 1
52 72 5
52 73 5
52 74 4
52 75 1
52 76 5
52 77 5
52 78 1
52 79 4
52 80 2
52 81 4
52 82 4
52 83 3
52 84 3
52 85 2
52 86 5
52 87 5
52 88 5
52 89 1
52 90 3
52 91 5
52 92 1
52 93 3
52 94 3
52 95 5
52 96 1
52 97 2
52 98 5
52 99 5
52 100 2
53 54 3
53 55 3
53 56 2
53 57 2
53 58 4
53 59 4
53 60 2
53 61 1
53 62 1
53 63 2
53 64 2
53 65 3
53 66 2
53 67 4
53 68 3
53 69 5
53 70 5
53 71 2
53 72 3
53 73 5
53 74 4
53 75 3
53 76 1
53 77 4
53 78 3
53 79 5
53 80 2
53 81 3
53 82 1
53 83 1
53 84 1
53 85 3
53 86 2
53 87 4
53 88 5
53 89 1
53 90 1
53 91 4
53 92 3
53 93 2
53 94 1
53 95 1
53 96 4
53 97 2
53 98 2
53 99 5
53 100 4
54 55 5
54 56 3
54 57 4
54 58 4
54 59 2
54 60 3
54 61 3
54 62 3
54 63 3
54 64 3
54 65 2
54 66 5
54 67 1
54 68 5
54 69 5
54 70 2
54 71 1
54 72 3
54 73 4
54 74 3
54 75 5
54 76 5
54 77 5
54 78 3
54 79 2
54 80 3
54 81 4
54 82 1
54 83 4
54 84 3
54 85 5
54 86 1
54 87 2
54 88 5
54 89 1
54 90 2
54 91 4
54 92 1
54 93 4
54 94 3
54 95 5
54 96 3
54 97 3
54 98 3
54 99 3
54 100 2
55 56 5
55 57 4
55 58 3
55 59 1
55 60 3
55 61 3
55 62 2
55 63 4
55 64 2
55 65 1
55 66 4
55 67 4
55 68 3
55 69 5
55 70 4
55 71 4
55 72 2
55 73 5
55 74 1
55 75 5
55 76 3
55 77 1
55 78 5
55 79 1
55 80 2
55 81 5
55 82 1
55 83 5
55 84 4
55 85 1
55 86 4
55 87 4
55 88 4
55 89 4
55 90 1
55 91 2
55 92 5
55 93 2
55 94 5
55 95 3
55 96 4
55 97 3
55 98 2
55 99 1
55 100 3
56 57 1
56 58 5
56 59 2
56 60 5
56 61 3
56 62 5
56 63 1
56 64 3
56 65 3
56 66 1
56 67 5
56 68 2
56 69 1
56 70 3
56 71 4
56 72 1
56 73 3
56 74 3
56 75 3
56 76 1
56 77 5
56 78 4
56 79 4
56 80 5
56 81 5
56 82 5
56 83 5
56 84 4
56 85 5
56 86 5
56 87 5
56 88 3
56 89 5
56 90 3
56 91 4
56 92 4
56 93 3
56 94 4
56 95 1
56 96 1
56 97 1
56 98 5
56 99 2
56 100 5
57 58 2
57 59 1
57 60 5
57 61 4
57 62 4
57 63 1
57 64 5
57 65 3
57 66 1
57 67 4
57 68 1
57 69 4
57 70 3
57 71 2
57 72 5
57 73 4
57 74 4
57 75 1
57 76 2
57 77 2
57 78 1
57 79 5
57 80 1
57 81 3
57 82 3
57 83 5
57 84 1
57 85 1
57 86 4
57 87 4
57 88 5
57 89 2
57 90 4
57 91 5
57 92 4
57 93 1
57 94 2
57 95 1
57 96 3
57 97 4
57 98 1
57 99 3
57 100 2
58 59 1
58 60 4
58 61 3
58 62 2
58 63 4
58 64 1
58 65 3
58 66 3
58 67 5
58 68 4
58 69 5
58 70 3
58 71 3
58 72 4
58 73 1
58 74 3
58 75 3
58 76 1
58 77 5
58 78 5
58 79 2
58 80 3
58 81 3
58 82 3
58 83 1
58 84 4
58 85 5
58 86 1
58 87 1
58 88 2
58 89 3
58 90 4
58 91 5
58 92 1
58 93 2
58 94 5
58 95 5
58 96 2
58 97 3
58 98 2
58 99 1
58 100 4
59 60 2
59 61 1
59 62 4
59 63 4
59 64 1
59 65 1
59 66 3
59 67 5
59 68 5
59 69 1
59 70 1
59 71 2
59 72 5
59 73 1
59 74 3
59 75 1
59 76 4
59 77 5
59 78 1
59 79 3
59 80 2
59 81 4
59 82 3
59 83 4
59 84 4
59 85 4
59 86 4
59 87 1
59 88 4
59 89 2
59 90 1
59 91 2
59 92 2
59 93 3
59 94 3
59 95 1
59 96 3
59 97 3
59 98 2
59 99 2
59 100 5
60 61 1
60 62 3
60 63 2
60 64 2
60 65 4
60 66 3
60 67 5
60 68 3
60 69 5
60 70 5
60 71 1
60 72 2
60 73 4
60 74 4
60 75 5
60 76 5
60 77 1
60 78 2
60 79 3
60 80 3
60 81 1
60 82 5
60 83 1
60 84 4
60 85 2
60 86 2
60 87 3
60 88 3
60 89 2
60 90 5
60 91 1
60 92 3
60 93 2
60 94 2
60 95 2
60 96 5
60 97 2
60 98 5
60 99 3
60 100 3
61 62 4
61 63 1
61 64 5
61 65 4
61 66 3
61 67 1
61 68 4
61 69 1
61 70 2
61 71 3
61 72 5
61 73 4
61 74 1
61 75 3
61 76 3
61 77 3
61 78 2
61 79 3
61 80 3
61 81 1
61 82 5
61 83 2
61 84 3
61 85 4
61 86 4
61 87 3
61 88 2
61 89 5
61 90 5
61 91 3
61 92 3
61 93 1
61 94 5
61 95 4
61 96 3
61 97 2
61 98 1
61 99 1
61 100 1
62 63 3
62 64 3
62 65 4
62 66 1
62 67 3
62 68 3
62 69 3
62 70 1
62 71 2
62 72 1
62 73 4
62 74 4
62 75 2
62 76 5
62 77 1
62 78 4
62 79 3
62 80 2
62 81 2
62 82 5
62 83 2
62 84 1
62 85 5
62 86 4
62 87 4
62 88 1
62 89 5
62 90 5
62 91 1
62 92 3
62 93 5
62 94 3
62 95 5
62 96 5
62 97 2
62 98 3
62 99 2
62 100 5
63 64 3
63 65 2
63 66 1
63 67 4
63 68 2
63 69 3
63 70 2
63 71 2
63 72 5
63 73 1
63 74 1
63 75 2
63 76 2
63 77 2
63 78 3
63 79 5
63 80 5
63 81 5
63 82 4
63 83 1
63 84 4
63 85 2
63 86 3
63 87 5
63 88 3
63 89 4
63 90 2
63 91 3
63 92 4
63 93 1
63 94 1
63 95 5
63 96 4
63 97 3
63 98 3
63 99 3
63 100 4
64 65 3
64 66 3
64 67 5
64 68 2
64 69 2
64 70 3
64 71 3
64 72 5
64 73 2
64 74 4
64 75 1
64 76 4
64 77 2
64 78 1
64 79 3
64 80 5
64 81 1
64 82 2
64 83 4
64 84 1
64 85 1
64 86 2
64 87 3
64 88 1
64 89 5
64 90 1
64 91 5
64 92 2
64 93 2
64 94 3
64 95 3
64 96 1
64 97 2
64 98 2
64 99 1
64 100 1
65 66 1
65 67 3
65 68 4
65 69 3
65 70 1
65 71 2
65 72 4
65 73 2
65 74 4
65 75 2
65 76 4
65 77 3
65 78 2
65 79 2
65 80 1
65 81 5
65 82 5
65 83 2
65 84 3
65 85 4
65 86 2
65 87 5
65 88 3
65 89 3
65 90 1
65 91 2
65 92 2
65 93 1
65 94 3
65 95 2
65 96 2
65 97 4
65 98 2
65 99 1
65 100 5
66 67 5
66 68 1
66 69 1
66 70 4
66 71 5
66 72 2
66 73 5
66 74 4
66 75 5
66 76 5
66 77 5
66 78 4
66 79 2
66 80 2
66 81 4
66 82 4
66 83 5
66 84 4
66 85 4
66 86 4
66 87 3
66 88 2
66 89 2
66 90 3
66 91 2
66 92 4
66 93 3
66 94 4
66 95 2
66 96 4
66 97 4
66 98 4
66 99 1
66 100 1
67 68 2
67 69 2
67 70 3
67 71 1
67 72 3
67 73 5
67 74 3
67 75 4
67 76 2
67 77 4
67 78 2
67 79 1
67 80 5
67 81 1
67 82 1
67 83 2
67 84 2
67 85 1
67 86 3
67 87 5
67 88 2
67 89 2
67 90 3
67 91 2
67 92 1
67 93 2
67 94 4
67 95 4
67 96 4
67 97 5
67 98 3
67 99 5
67 100 4
68 69 4
68 70 1
68 71 1
68 72 1
68 73 5
68 74 1
68 75 2
68 76 4
68 77 3
68 78 3
68 79 4
68 80 3
68 81 2
68 82 1
68 83 5
68 84 5
68 85 3
68 86 3
68 87 4
68 88 3
68 89 2
68 90 3
68 91 1
68 92 2
68 93 5
68 94 2
68 95 2
68 96 1
68 97 4
68 98 4
68 99 1
68 100 1
69 70 3
69 71 2
69 72 4
69 73 3
69 74 2
69 75 3
69 76 2
69 77 2
69 78 5
69 79 1
69 80 3
69 81 5
69 82 3
69 83 5
69 84 2
69 85 5
69 86 1
69 87 4
69 88 2
69 89 5
69 90 2
69 91 2
69 92 4
69 93 1
69 94 3
69 95 2
69 96 5
69 97 5
69 98 4
69 99 2
69 100 5
70 71 1
70 72 4
70 73 1
70 74 1
70 75 5
70 76 1
70 77 2
70 78 2
70 79 1
70 80 2
70 81 5
70 82 4
70 83 2
70 84 4
70 85 1
70 86 4
70 87 3
70 88 2
70 89 5
70 90 5
70 91 4
70 92 1
70 93 1
70 94 2
70 95 2
70 96 5
70 97 1
70 98 3
70 99 3
70 100 3
71 72 4
71 73 1
71 74 4
71 75 1
71 76 1
71 77 2
71 78 3
71 79 5
71 80 5
71 81 1
71 82 2
71 83 1
71 84 5
71 85 1
71 86 2
71 87 3
71 88 3
71 89 4
71 90 3
71 91 1
71 92 2
71 93 1
71 94 5
71 95 3
71 96 2
71 97 5
71 98 3
71 99 2
71 100 3
72 73 4
72 74 3
72 75 1
72 76 1
72 77 3
72 78 5
72 79 5
72 80 3
72 81 1
72 82 3
72 83 4
72 84 3
72 85 5
72 86 3
72 87 3
72 88 2
72 89 4
72 90 2
72 91 4
72 92 3
72 93 3
72 94 5
72 95 2
72 96 3
72 97 5
72 98 1
72 99 5
72 100 4
73 74 3
73 75 1
73 76 5
73 77 3
73 78 2
73 79 3
73 80 1
73 81 3
73 82 2
73 83 2
73 84 4
73 85 5
73 86 3
73 87 3
73 88 3
73 89 3
73 90 1
73 91 1
73 92 5
73 93 2
73 94 2
73 95 2
73 96 4
73 97 4
73 98 1
73 99 4
73 100 2
74 75 2
74 76 4
74 77 2
74 78 2
74 79 3
74 80 5
74 81 4
74 82 5
74 83 5
74 84 4
74 85 3
74 86 3
74 87 3
74 88 1
74 89 1
74 90 5
74 91 3
74 92 5
74 93 2
74 94 5
74 95 2
74 96 2
74 97 4
74 98 1
74 99 2
74 100 2
75 76 2
75 77 3
75 78 1
75 79 2
75 80 4
75 81 5
75 82 1
75 83 4
75 84 2
75 85 4
75 86 5
75 87 5
75 88 5
75 89 5
75 90 1
75 91 4
75 92 1
75 93 1
75 94 3
75 95 3
75 96 1
75 97 3
75 98 2
75 99 3
75 100 1
76 77 2
76 78 1
76 79 4
76 80 1
76 81 1
76 82 4
76 83 1
76 84 2
76 85 4
76 86 3
76 87 3
76 88 5
76 89 1
76 90 3
76 91 3
76 92 3
76 93 3
76 94 4
76 95 1
76 96 2
76 97 5
76 98 4
76 99 1
76 100 3
77 78 2
77 79 3
77 80 5
77 81 4
77 82 5
77 83 2
77 84 4
77 85 5
77 86 2
77 87 5
77 88 4
77 89 4
77 90 1
77 91 4
77 92 2
77 93 5
77 94 3
77 95 1
77 96 3
77 97 1
77 98 4
77 99 2
77 100 4
78 79 1
78 80 2
78 81 5
78 82 5
78 83 4
78 84 1
78 85 2
78 86 1
78 87 1
78 88 3
78 89 5
78 90 1
78 91 3
78 92 2
78 93 5
78 94 2
78 95 4
78 96 2
78 97 3
78 98 5
78 99 2
78 100 1
79 80 4
79 81 4
79 82 2
79 83 2
79 84 4
79 85 3
79 86 1
79 87 4
79 88 1
79 89 1
79 90 1
79 91 5
79 92 4
79 93 4
79 94 1
79 95 1
79 96 4
79 97 3
79 98 2
79 99 4
79 100 3
80 81 2
80 82 1
80 83 1
80 84 3
80 85 4
80 86 2
80 87 3
80 88 1
80 89 3
80 90 2
80 91 5
80 92 2
80 93 5
80 94 2
80 95 1
80 96 4
80 97 1
80 98 4
80 99 4
80 100 3
81 82 4
81 83 3
81 84 4
81 85 4
81 86 3
81 87 1
81 88 3
81 89 5
81 90 1
81 91 4
81 92 5
81 93 2
81 94 1
81 95 3
81 96 2
81 97 3
81 98 5
81 99 5
81 100 4
82 83 4
82 84 3
82 85 5
82 86 4
82 87 4
82 88 1
82 89 4
82 90 2
82 91 2
82 92 4
82 93 2
82 94 5
82 95 2
82 96 2
82 97 2
82 98 3
82 99 5
82 100 4
83 84 5
83 85 5
83 86 1
83 87 3
83 88 2
83 89 5
83 90 3
83 91 5
83 92 3
83 93 4
83 94 2
83 95 1
83 96 4
83 97 5
83 98 3
83 99 4
83 100 5
84 85 3
84 86 1
84 87 4
84 88 1
84 89 3
84 90 2
84 91 3
84 92 4
84 93 3
84 94 4
84 95 5
84 96 2
84 97 4
84 98 3
84 99 5
84 100 2
85 86 3
85 87 5
85 88 3
85 89 1
85 90 5
85 91 5
85 92 5
85 93 3
85 94 2
85 95 4
85 96 5
85 97 5
85 98 2
85 99 1
85 100 1
86 87 5
86 88 3
86 89 5
86 90 1
86 91 2
86 92 1
86 93 5
86 94 5
86 95 1
86 96 5
86 97 2
86 98 1
86 99 4
86 100 5
87 88 3
87 89 5
87 90 4
87 91 1
87 92 2
87 93 3
87 94 5
87 95 2
87 96 2
87 97 4
87 98 1
87 99 3
87 100 3
88 89 4
88 90 3
88 91 4
88 92 2
88 93 3
88 94 5
88 95 5
88 96 1
88 97 2
88 98 5
88 99 5
88 100 4
89 90 3
89 91 3
89 92 4
89 93 5
89 94 2
89 95 5
89 96 1
89 97 3
89 98 5
89 99 4
89 100 1
90 91 3
90 92 4
90 93 4
90 94 3
90 95 5
90 96 2
90 97 3
90 98 3
90 99 1
90 100 2
91 92 1
91 93 1
91 94 4
91 95 1
91 96 1
91 97 4
91 98 4
91 99 2
91 100 2
92 93 1
92 94 4
92 95 2
92 96 2
92 97 2
92 98 1
92 99 1
92 100 3
93 94 3
93 95 4
93 96 2
93 97 2
93 98 2
93 99 1
93 100 1
94 95 2
94 96 1
94 97 5
94 98 5
94 99 1
94 100 2
95 96 2
95 97 1
95 98 4
95 99 1
95 100 1
96 97 5
96 98 5
96 99 2
96 100 1
97 98 5
97 99 5
97 100 4
98 99 4
98 100 3
99 100 5
